_PARTIES	Democrat	Republican	Total
_COLORS	Blue	Red
AUTAUGA__AL	4942	11993	17208
BALDWIN__AL	13997	40872	56480
BARBOUR__AL	5188	5096	10395
BIBB__AL	2710	4273	7101
BLOUNT__AL	4977	12667	17973
BULLOCK__AL	3395	1433	4904
BUTLER__AL	3606	4127	7803
CALHOUN__AL	15781	22306	38909
CHAMBERS__AL	5616	6037	11834
CHEROKEE__AL	3497	4154	7823
CHILTON__AL	4806	10066	15092
CHOCTAW__AL	3707	3600	7374
CLARKE__AL	4679	5988	10752
CLAY__AL	2045	3719	5883
CLEBURNE__AL	1664	3333	5092
COFFEE__AL	5220	9938	15434
COLBERT__AL	10543	10518	21532
CONECUH__AL	2783	2699	5551
COOSA__AL	2104	2382	4567
COVINGTON__AL	4440	8961	13613
CRENSHAW__AL	1934	2793	4795
CULLMAN__AL	9758	19157	29525
DALE__AL	4906	10593	15806
DALLAS__AL	10967	7360	18464
DEKALB__AL	7056	12827	20285
ELMORE__AL	6652	16777	23804
ESCAMBIA__AL	4523	6975	11660
ETOWAH__AL	17433	21087	39348
FAYETTE__AL	3064	4582	7808
FRANKLIN__AL	4793	6119	11103
GENEVA__AL	2769	6588	9559
GREENE__AL	3504	850	4396
HALE__AL	4652	2984	7731
HENRY__AL	2782	4054	6932
HOUSTON__AL	9412	22150	32057
JACKSON__AL	9066	8475	17906
JEFFERSON__AL	129889	138491	273763
LAMAR__AL	2653	4470	7249
LAUDERDALE__AL	13875	17478	32137
LAWRENCE__AL	6296	5671	12185
LEE__AL	14574	22433	38264
LIMESTONE__AL	8992	14204	23634
LOWNDES__AL	4557	1638	6243
MACON__AL	7665	1091	8831
MADISON__AL	48199	62151	113318
MARENGO__AL	4841	4690	9608
MARION__AL	4600	6910	11756
MARSHALL__AL	10381	17084	27989
MOBILE__AL	58640	78162	139745
MONROE__AL	3741	5153	8951
MONTGOMERY__AL	40371	38827	80328
MORGAN__AL	16060	25774	42681
PERRY__AL	4020	1732	5787
PICKENS__AL	4143	4306	8540
PIKE__AL	4357	6058	10544
RANDOLPH__AL	3094	4666	7919
RUSSELL__AL	8396	6198	14775
ST__CLAIR__AL	6485	17117	24090
SHELBY__AL	13183	47651	62128
SUMTER__AL	4415	1629	6088
TALLADEGA__AL	11264	13807	25451
TALLAPOOSA__AL	6183	9805	16253
TUSCALOOSA__AL	24614	34003	60114
WALKER__AL	11621	13486	25641
WASHINGTON__AL	3386	4117	7596
WILCOX__AL	3444	1661	5126
WINSTON__AL	2692	6413	9318
APACHE__AZ	13025	5947	19456
COCHISE__AZ	13360	18180	33241
COCONINO__AZ	20280	17562	40883
GILA__AZ	7700	9158	17736
GRAHAM__AZ	3355	6007	9664
GREENLEE__AZ	1216	1619	2960
LA_PAZ__AZ	1769	2543	4483
MARICOPA__AZ	386683	479967	901699
MOHAVE__AZ	17470	24386	44141
NAVAJO__AZ	11794	12386	25147
PIMA__AZ	147688	124579	287640
PINAL__AZ	19650	20122	41290
SANTA_CRUZ__AZ	5233	3344	8893
YAVAPAI__AZ	24063	40144	68228
YUMA__AZ	12055	15708	28652
ARKANSAS__AR	2877	3353	6372
ASHLEY__AR	4253	3876	8271
BAXTER__AR	6516	9538	16708
BENTON__AR	17277	34838	53646
BOONE__AR	4493	8569	13635
BRADLEY__AR	2122	1793	3979
CALHOUN__AR	1017	1128	2185
CARROLL__AR	3595	5556	9590
CHICOT__AR	2820	1564	4452
CLARK__AR	4661	3776	8626
CLAY__AR	3527	2254	5900
CLEBURNE__AR	4120	5730	10207
CLEVELAND__AR	1414	1678	3181
COLUMBIA__AR	4003	5018	9307
CONWAY__AR	3496	3545	7234
CRAIGHEAD__AR	12376	12158	25157
CRAWFORD__AR	6288	10804	17625
CRITTENDEN__AR	7224	5857	13234
CROSS__AR	3096	3033	6215
DALLAS__AR	1710	1571	3325
DESHA__AR	2776	1603	4495
DREW__AR	3060	2756	5922
FAULKNER__AR	11950	16055	29216
FRANKLIN__AR	2674	3277	6140
FULTON__AR	1976	2036	4108
GARLAND__AR	15840	19098	35935
GRANT__AR	2535	3285	6013
GREENE__AR	6319	5831	12484
HEMPSTEAD__AR	3937	3257	7289
HOT_SPRING__AR	5527	5042	10981
HOWARD__AR	2063	2326	4459
INDEPENDENCE__AR	5146	6145	11594
IZARD__AR	2587	2301	5032
JACKSON__AR	3651	2280	6072
JEFFERSON__AR	17716	8765	27201
JOHNSON__AR	3270	3657	7161
LAFAYETTE__AR	1806	1538	3383
LAWRENCE__AR	3255	2626	6040
LEE__AR	2727	1351	4121
LINCOLN__AR	1957	1526	3546
LITTLE_RIVER__AR	2883	2283	5263
LOGAN__AR	3283	4487	8096
LONOKE__AR	6851	10606	17943
MADISON__AR	2055	3387	5628
MARION__AR	2233	3402	6015
MILLER__AR	6278	7276	13745
MISSISSIPPI__AR	7107	5199	12586
MONROE__AR	1910	1329	3293
MONTGOMERY__AR	1438	2128	3739
NEVADA__AR	1867	1796	3738
NEWTON__AR	1205	2529	3927
OUACHITA__AR	5464	4739	10395
PERRY__AR	1648	2114	4007
PHILLIPS__AR	6018	3154	9313
PIKE__AR	1604	2275	3971
POINSETT__AR	4102	2988	7235
POLK__AR	2315	4600	7193
POPE__AR	6669	11244	18422
PRAIRIE__AR	1563	1862	3507
PULASKI__AR	68320	55866	127151
RANDOLPH__AR	3019	2673	5877
ST__FRANCIS__AR	4986	3414	8496
SALINE__AR	12700	18617	32391
SCOTT__AR	1444	2399	3981
SEARCY__AR	1229	2610	4058
SEBASTIAN__AR	15555	23483	40159
SEVIER__AR	2095	2111	4293
SHARP__AR	3236	3698	7126
STONE__AR	2043	2623	4860
UNION__AR	6261	8647	15609
VAN_BUREN__AR	3202	3485	6984
WASHINGTON__AR	21425	28231	51459
WHITE__AR	8342	13170	22150
WOODRUFF__AR	1699	898	2651
YELL__AR	3062	3223	6479
ALAMEDA__CA	342889	119279	494336
ALPINE__CA	265	281	586
AMADOR__CA	5906	8766	15464
BUTTE__CA	31338	45584	83721
CALAVERAS__CA	7093	10599	18876
COLUSA__CA	1745	3629	5590
CONTRA_COSTA__CA	224338	141373	381478
DEL_NORTE__CA	3117	4526	8294
EL_DORADO__CA	26220	42045	72136
FRESNO__CA	95059	117342	220835
GLENN__CA	2498	5795	8711
HUMBOLDT__CA	24851	23219	55972
IMPERIAL__CA	15489	12524	28937
INYO__CA	2652	4713	7815
KERN__CA	66003	110663	182308
KINGS__CA	11041	16377	28335
LAKE__CA	10717	8699	20919
LASSEN__CA	2982	7080	10586
LOS_ANGELES__CA	1710505	871930	2695154
MADERA__CA	11650	20283	33395
MARIN__CA	79135	34872	123155
MARIPOSA__CA	2816	4727	8074
MENDOCINO__CA	16634	12272	34410
MERCED__CA	22726	26102	50418
MODOC__CA	945	2969	4107
MONO__CA	1788	2296	4371
MONTEREY__CA	67618	43761	117534
NAPA__CA	28097	20633	51724
NEVADA__CA	17670	25998	47479
ORANGE__CA	391819	541299	970905
PLACER__CA	42449	69835	117799
PLUMAS__CA	3458	6343	10401
RIVERSIDE__CA	202576	231955	451127
SACRAMENTO__CA	212792	195619	431550
SAN_BENITO__CA	9131	7015	16831
SAN_BERNARDINO__CA	214749	221757	454893
SAN_DIEGO__CA	437666	475736	958634
SAN_FRANCISCO__CA	241578	51496	319786
SAN_JOAQUIN__CA	79776	81773	167239
SAN_LUIS_OBISPO__CA	44526	56859	108886
SAN_MATEO__CA	166757	80296	259399
SANTA_BARBARA__CA	73411	71493	154974
SANTA_CLARA__CA	332490	188750	548129
SANTA_CRUZ__CA	66618	29627	108350
SHASTA__CA	20127	43278	66544
SIERRA__CA	540	1172	1847
SISKIYOU__CA	6323	12198	19819
SOLANO__CA	75116	51604	131735
SONOMA__CA	117295	63529	197006
STANISLAUS__CA	56448	67188	128267
SUTTER__CA	8416	17350	26564
TEHAMA__CA	6507	13270	20854
TRINITY__CA	1932	3340	5797
TULARE__CA	33006	54070	89818
TUOLUMNE__CA	9359	13172	23727
VENTURA__CA	133258	136173	282692
YOLO__CA	33747	23057	61436
YUBA__CA	5546	9838	16127
ADAMS__CO	54132	47561	107852
ALAMOSA__CO	2455	2857	5659
ARAPAHOE__CO	82614	97768	189942
ARCHULETA__CO	1432	2988	4758
BACA__CO	531	1663	2278
BENT__CO	783	1096	1963
BOULDER__CO	69983	50873	139626
CHAFFEE__CO	2768	4300	7610
CHEYENNE__CO	209	957	1212
CLEAR_CREEK__CO	2188	2247	4924
CONEJOS__CO	1749	1772	3671
COSTILLA__CO	1054	504	1648
CROWLEY__CO	511	855	1445
CUSTER__CO	507	1451	2111
DELTA__CO	3264	8372	12686
DENVER__CO	122693	61224	198347
DOLORES__CO	293	741	1134
DOUGLAS__CO	27076	56007	86225
EAGLE__CO	6772	7165	15188
ELBERT__CO	2326	6151	8965
EL_PASO__CO	61799	128294	200757
FREMONT__CO	5293	9914	16056
GARFIELD__CO	6087	9103	17104
GILPIN__CO	1099	1006	2465
GRAND__CO	2308	3570	6353
GUNNISON__CO	3059	3128	7236
HINSDALE__CO	188	316	566
HUERFANO__CO	1495	1466	3174
JACKSON__CO	173	682	925
JEFFERSON__CO	100970	120138	235491
KIOWA__CO	211	728	968
KIT_CARSON__CO	809	2542	3458
LAKE__CO	1296	1056	2628
LA_PLATA__CO	7864	9993	20490
LARIMER__CO	46055	62429	118537
LAS_ANIMAS__CO	3243	2569	6094
LINCOLN__CO	510	1630	2199
LOGAN__CO	2296	5531	8096
MESA__CO	15465	32396	51054
MINERAL__CO	168	294	486
MOFFAT__CO	1223	3840	5337
MONTEZUMA__CO	2556	6158	9384
MONTROSE__CO	4041	9266	14215
MORGAN__CO	2885	5722	8998
OTERO__CO	2963	4082	7312
OURAY__CO	705	1279	2233
PARK__CO	2393	3677	6665
PHILLIPS__CO	564	1573	2220
PITKIN__CO	4137	2565	7800
PROWERS__CO	1361	3026	4524
PUEBLO__CO	28888	22827	53946
RIO_BLANCO__CO	543	2185	2855
RIO_GRANDE__CO	1707	3111	5075
ROUTT__CO	4208	4472	9638
SAGUACHE__CO	1145	1078	2529
SAN_JUAN__CO	149	210	436
SAN_MIGUEL__CO	1598	1043	3255
SEDGWICK__CO	384	877	1303
SUMMIT__CO	5304	4497	11068
TELLER__CO	2750	6477	9847
WASHINGTON__CO	477	1878	2445
WELD__CO	23436	37409	64541
YUMA__CO	1082	3156	4358
FAIRFIELD__CT	193769	159659	370289
HARTFORD__CT	221167	127468	367556
LITCHFIELD__CT	41806	39172	87338
MIDDLESEX__CT	43319	29295	77433
NEW_HAVEN__CT	197928	122919	341099
NEW_LONDON__CT	60449	41168	109147
TOLLAND__CT	33554	24705	62700
WINDHAM__CT	24023	16708	43963
KENT__DE	22790	24081	48247
NEW_CASTLE__DE	127539	78587	212995
SUSSEX__DE	29739	34620	66287
DISTRICT_OF_COLUMBIA__DC	171923	18073	201894
ALACHUA__FL	47365	34124	85729
BAKER__FL	2392	5610	8154
BAY__FL	18850	38637	58805
BRADFORD__FL	3075	5414	8673
BREVARD__FL	97318	115185	218395
BROWARD__FL	387703	177902	575143
CALHOUN__FL	2155	2873	5174
CHARLOTTE__FL	29645	35426	66896
CITRUS__FL	25525	29767	57206
CLAY__FL	14632	41736	57353
COLLIER__FL	29921	60450	92162
COLUMBIA__FL	7047	10964	18508
DESOTO__FL	3320	4256	7817
DIXIE__FL	1826	2697	4666
DUVAL__FL	107864	152098	264636
ESCAMBIA__FL	40943	73017	116648
FLAGLER__FL	13897	12613	27111
FRANKLIN__FL	2046	2454	4644
GADSDEN__FL	9735	4767	14727
GILCHRIST__FL	1910	3300	5395
GLADES__FL	1442	1841	3365
GULF__FL	2397	3550	6144
HAMILTON__FL	1722	2146	3964
HARDEE__FL	2339	3765	6233
HENDRY__FL	3240	4747	8139
HERNANDO__FL	32644	30646	65219
HIGHLANDS__FL	14167	20206	35149
HILLSBOROUGH__FL	169557	180760	360295
HOLMES__FL	2177	5011	7395
INDIAN_RIVER__FL	19768	28635	49622
JACKSON__FL	6868	9138	16300
JEFFERSON__FL	3041	2478	5644
LAFAYETTE__FL	789	1670	2505
LAKE__FL	36571	50010	88611
LEE__FL	73560	106141	184377
LEON__FL	61427	39062	103124
LEVY__FL	5398	6858	12724
LIBERTY__FL	1017	1317	2410
MADISON__FL	3014	3038	6162
MANATEE__FL	49177	57952	110221
MARION__FL	44665	55141	102956
MARTIN__FL	26620	33970	62013
MIAMI_DADE__FL	328808	289533	625449
MONROE__FL	16483	16059	33896
NASSAU__FL	6952	16404	23780
OKALOOSA__FL	16948	52093	70680
OKEECHOBEE__FL	4588	5057	9853
ORANGE__FL	140220	134517	280125
OSCEOLA__FL	28181	26212	55659
PALM_BEACH__FL	269732	152951	433186
PASCO__FL	69564	68582	142731
PINELLAS__FL	200630	184825	398472
POLK__FL	75200	90295	168607
PUTNAM__FL	12102	13447	26222
ST__JOHNS__FL	19502	39546	60746
ST__LUCIE__FL	41559	34705	77989
SANTA_ROSA__FL	12802	36274	50319
SARASOTA__FL	72853	83100	160942
SEMINOLE__FL	59174	75677	137634
SUMTER__FL	9637	12127	22261
SUWANNEE__FL	4075	8006	12473
TAYLOR__FL	2649	4056	6808
UNION__FL	1407	2332	3826
VOLUSIA__FL	97304	82357	183654
WAKULLA__FL	3838	4512	8587
WALTON__FL	5642	12182	18318
WASHINGTON__FL	2798	4994	8029
APPLING__GA	2093	3940	6099
ATKINSON__GA	821	1228	2071
BACON__GA	956	2010	2995
BAKER__GA	893	615	1519
BALDWIN__GA	5893	6041	12126
BANKS__GA	1220	3202	4533
BARROW__GA	3657	7925	12102
BARTOW__GA	7508	14720	22781
BEN_HILL__GA	2234	2381	4661
BERRIEN__GA	1640	2718	4410
BIBB__GA	24996	24071	49776
BLECKLEY__GA	1273	2436	3749
BRANTLEY__GA	1372	3118	4566
BROOKS__GA	2096	2406	4551
BRYAN__GA	2172	4835	7059
BULLOCH__GA	5561	8990	14782
BURKE__GA	3720	3381	7135
BUTTS__GA	2281	3198	5635
CALHOUN__GA	1107	768	1887
CAMDEN__GA	3636	6371	10119
CANDLER__GA	1053	1643	2722
CARROLL__GA	8752	16326	25741
CATOOSA__GA	5470	12033	17721
CHARLTON__GA	1015	1770	2816
CHATHAM__GA	37590	37847	76475
CHATTAHOOCHEE__GA	600	590	1207
CHATTOOGA__GA	2729	3640	6477
CHEROKEE__GA	12295	38033	52348
CLARKE__GA	15167	11850	28904
CLAY__GA	821	448	1277
CLAYTON__GA	40042	19966	61402
CLINCH__GA	816	1091	1929
COBB__GA	86676	140494	235027
COFFEE__GA	3593	5756	9430
COLQUITT__GA	3297	6589	9972
COLUMBIA__GA	8969	26660	36008
COOK__GA	1639	2279	3944
COWETA__GA	9056	21327	31226
CRAWFORD__GA	1513	1987	3567
CRISP__GA	2268	3285	5609
DADE__GA	1628	3333	5049
DAWSON__GA	1458	4210	5898
DECATUR__GA	3398	4187	7648
DEKALB__GA	154509	58807	219980
DODGE__GA	2326	3472	5877
DOOLY__GA	1901	1588	3520
DOUGHERTY__GA	16650	12248	29064
DOUGLAS__GA	11162	18893	30964
EARLY__GA	1622	1938	3585
ECHOLS__GA	272	614	898
EFFINGHAM__GA	3232	7326	10650
ELBERT__GA	2527	3262	5853
EMANUEL__GA	2835	3343	6263
EVANS__GA	1217	1841	3080
FANNIN__GA	2736	5463	8390
FAYETTE__GA	11912	29338	42449
FLOYD__GA	10282	16194	26825
FORSYTH__GA	6694	27769	35755
FRANKLIN__GA	2040	3659	5762
FULTON__GA	152039	104870	263212
GILMER__GA	2230	4941	7370
GLASCOCK__GA	249	763	1020
GLYNN__GA	7778	14346	22384
GORDON__GA	4032	7944	12205
GRADY__GA	2721	3894	6703
GREENE__GA	2137	2980	5197
GWINNETT__GA	61434	121756	191111
HABERSHAM__GA	2530	6964	9691
HALL__GA	10259	26841	38150
HANCOCK__GA	2414	662	3086
HARALSON__GA	2869	5153	8167
HARRIS__GA	2912	5554	8562
HART__GA	3192	4242	7536
HEARD__GA	1178	1947	3198
HENRY__GA	11971	25815	38867
HOUSTON__GA	13301	23174	36988
IRWIN__GA	1105	1720	2852
JACKSON__GA	3420	7878	11635
JASPER__GA	1558	2298	3943
JEFF_DAVIS__GA	1379	2797	4221
JEFFERSON__GA	2973	2559	5566
JENKINS__GA	1250	1317	2593
JOHNSON__GA	1065	1797	2883
JONES__GA	3102	4850	8068
LAMAR__GA	2194	2912	5230
LANIER__GA	832	1048	1904
LAURENS__GA	5724	8133	14036
LEE__GA	1936	5872	7884
LIBERTY__GA	5347	4455	9972
LINCOLN__GA	1275	1807	3103
LONG__GA	975	1320	2314
LOWNDES__GA	10616	14462	25432
LUMPKIN__GA	2121	4427	6750
MCDUFFIE__GA	2580	3926	6550
MCINTOSH__GA	2047	1766	3837
MACON__GA	2757	1566	4355
MADISON__GA	2285	5529	7993
MARION__GA	982	1187	2184
MERIWETHER__GA	3441	3162	6709
MILLER__GA	783	1349	2150
MITCHELL__GA	2971	2790	5799
MONROE__GA	2839	4561	7541
MONTGOMERY__GA	1013	1465	2509
MORGAN__GA	2238	3524	5902
MURRAY__GA	2684	5539	8372
MUSCOGEE__GA	28193	23479	52163
NEWTON__GA	6703	11127	18375
OCONEE__GA	3184	7611	11168
OGLETHORPE__GA	1519	2706	4385
PAULDING__GA	6743	16881	24260
PEACH__GA	3540	3525	7137
PICKENS__GA	2489	5488	8201
PIERCE__GA	1300	3348	4681
PIKE__GA	1413	3358	4885
POLK__GA	4112	5841	10116
PULASKI__GA	1390	1922	3346
PUTNAM__GA	2612	3596	6299
QUITMAN__GA	542	348	904
RABUN__GA	1776	3451	5341
RANDOLPH__GA	1381	1174	2569
RICHMOND__GA	31413	25485	57538
ROCKDALE__GA	8295	15440	24649
SCHLEY__GA	460	706	1176
SCREVEN__GA	2233	2461	4719
SEMINOLE__GA	1313	1537	2877
SPALDING__GA	5831	9271	15391
STEPHENS__GA	2869	5370	8376
STEWART__GA	1267	675	1954
SUMTER__GA	4748	4847	9697
TALBOT__GA	1662	844	2531
TALIAFERRO__GA	556	271	832
TATTNALL__GA	1963	3597	5610
TAYLOR__GA	1340	1412	2780
TELFAIR__GA	1777	1693	3493
TERRELL__GA	1584	1504	3113
THOMAS__GA	4862	7093	12058
TIFT__GA	3547	6678	10328
TOOMBS__GA	2643	4487	7210
TOWNS__GA	1495	2902	4497
TREUTLEN__GA	879	1062	1963
TROUP__GA	6379	11198	17804
TURNER__GA	1169	1258	2456
TWIGGS__GA	1977	1570	3615
UNION__GA	2230	4567	6956
UPSON__GA	3158	5019	8282
WALKER__GA	6341	12326	18895
WALTON__GA	5484	12966	19083
WARE__GA	3480	6099	9628
WARREN__GA	1196	933	2145
WASHINGTON__GA	3476	3162	6691
WAYNE__GA	2736	5219	8004
WEBSTER__GA	541	359	909
WHEELER__GA	752	813	1575
WHITE__GA	2014	4857	7043
WHITFIELD__GA	7034	15852	23302
WILCOX__GA	962	1381	2365
WILKES__GA	1940	2044	4026
WILKINSON__GA	1884	1800	3740
WORTH__GA	2214	3792	6061
HAWAII__HI	28670	17050	50860
HONOLULU__HI	139618	101310	255990
KAUAI__HI	13470	6583	21773
MAUI__HI	23484	12876	39248
ADA__ID	40650	75050	123485
ADAMS__ID	336	1476	1909
BANNOCK__ID	10892	18223	30852
BEAR_LAKE__ID	517	2296	2899
BENEWAH__ID	895	2606	3687
BINGHAM__ID	3310	10628	14465
BLAINE__ID	3748	3528	7938
BOISE__ID	745	2019	3055
BONNER__ID	4318	8945	14537
BONNEVILLE__ID	7235	24988	33556
BOUNDARY__ID	832	2797	3884
BUTTE__ID	354	1054	1460
CAMAS__ID	113	359	507
CANYON__ID	10588	30560	43000
CARIBOU__ID	475	2601	3177
CASSIA__ID	1087	5983	7279
CLARK__ID	63	311	382
CLEARWATER__ID	841	2885	3896
CUSTER__ID	416	1794	2330
ELMORE__ID	1840	4891	6966
FRANKLIN__ID	513	3594	4243
FREMONT__ID	699	4242	5088
GEM__ID	1346	4376	5983
GOODING__ID	1282	3502	5026
IDAHO__ID	1187	5806	7452
JEFFERSON__ID	1100	6480	7836
JEROME__ID	1360	4418	6007
KOOTENAI__ID	13488	28162	43812
LATAH__ID	5661	8161	15311
LEMHI__ID	660	2859	3641
LEWIS__ID	335	1295	1688
LINCOLN__ID	437	1049	1574
MADISON__ID	816	7941	8970
MINIDOKA__ID	1344	4907	6518
NEZ_PERCE__ID	4995	10577	16021
ONEIDA__ID	307	1426	1798
OWYHEE__ID	623	2450	3188
PAYETTE__ID	1643	4961	6858
POWER__ID	755	1872	2709
SHOSHONE__ID	2225	2879	5385
TETON__ID	720	1745	2671
TWIN_FALLS__ID	5777	15794	22530
VALLEY__ID	1129	2548	3978
WASHINGTON__ID	980	2899	4070
ADAMS__IL	12197	17331	30109
ALEXANDER__IL	2357	1588	4022
BOND__IL	3060	3804	7032
BOONE__IL	6481	8617	15523
BROWN__IL	1077	1529	2660
BUREAU__IL	7754	8526	16823
CALHOUN__IL	1310	1229	2602
CARROLL__IL	3113	3835	7177
CASS__IL	2789	2968	5899
CHAMPAIGN__IL	35515	34645	74285
CHRISTIAN__IL	6799	7537	14771
CLARK__IL	2932	4398	7512
CLAY__IL	2212	3789	6135
CLINTON__IL	6436	8588	15427
COLES__IL	8904	10495	20093
COOK__IL	1280547	534542	1865907
CRAWFORD__IL	3333	4974	8500
CUMBERLAND__IL	1870	2964	4975
DEKALB__IL	14798	17139	33233
DE_WITT__IL	2870	3968	7051
DOUGLAS__IL	3215	4734	8152
DUPAGE__IL	152550	201037	364362
EDGAR__IL	3216	4833	8232
EDWARDS__IL	978	2212	3260
EFFINGHAM__IL	4225	9855	14485
FAYETTE__IL	3886	5200	9338
FORD__IL	2090	3889	6153
FRANKLIN__IL	10201	8490	19212
FULTON__IL	8940	6936	16277
GALLATIN__IL	1878	1591	3558
GREENE__IL	2490	3129	5767
GRUNDY__IL	7516	8709	16584
HAMILTON__IL	1943	2519	4587
HANCOCK__IL	4256	5134	9691
HARDIN__IL	1184	1366	2637
HENDERSON__IL	2030	1708	3866
HENRY__IL	11921	10896	23470
IROQUOIS__IL	4397	8685	13424
JACKSON__IL	11773	9823	23090
JASPER__IL	1815	3119	5021
JEFFERSON__IL	6685	8362	15360
JERSEY__IL	4355	4699	9413
JO_DAVIESS__IL	4585	5304	10322
JOHNSON__IL	1928	3285	5362
KANE__IL	60127	76996	141405
KANKAKEE__IL	19180	20049	40183
KENDALL__IL	8444	13688	22769
KNOX__IL	12572	9912	23174
LAKE__IL	115058	120988	242164
LA_SALLE__IL	23355	21276	46007
LAWRENCE__IL	2822	3594	6578
LEE__IL	6111	8069	14620
LIVINGSTON__IL	5829	9187	15421
LOGAN__IL	4600	8141	13065
MCDONOUGH__IL	6080	6465	13012
MCHENRY__IL	40698	62112	106185
MCLEAN__IL	24936	34008	60898
MACON__IL	24262	23830	49499
MACOUPIN__IL	11015	9749	21389
MADISON__IL	59077	48821	111104
MARION__IL	8068	8240	16663
MARSHALL__IL	2570	3145	5907
MASON__IL	3192	3411	6772
MASSAC__IL	2912	3676	6744
MENARD__IL	2164	3862	6202
MERCER__IL	4400	3688	8318
MONROE__IL	5797	7632	13796
MONTGOMERY__IL	6542	6226	13093
MORGAN__IL	5899	8058	14334
MOULTRIE__IL	2529	3058	5725
OGLE__IL	7673	12325	20601
PEORIA__IL	38604	36398	76812
PERRY__IL	4862	4802	9942
PIATT__IL	3488	4619	8385
PIKE__IL	3198	4706	8112
POPE__IL	927	1346	2330
PULASKI__IL	1518	1430	3016
PUTNAM__IL	1657	1437	3179
RANDOLPH__IL	6794	7127	14287
RICHLAND__IL	2491	4718	7428
ROCK_ISLAND__IL	37957	25194	65095
ST__CLAIR__IL	55961	42299	100393
SALINE__IL	5427	5933	11650
SANGAMON__IL	38414	50374	91485
SCHUYLER__IL	1587	2077	3772
SCOTT__IL	954	1458	2469
SHELBY__IL	4018	5851	10163
STARK__IL	1211	1694	2989
STEPHENSON__IL	8062	10715	19378
TAZEWELL__IL	25379	31537	58348
UNION__IL	3982	4397	8660
VERMILION__IL	15406	15783	32100
WABASH__IL	1987	3406	5508
WARREN__IL	3524	3899	7631
WASHINGTON__IL	2638	4353	7138
WAYNE__IL	2209	5347	7693
WHITE__IL	2958	4521	7637
WHITESIDE__IL	12886	11252	24837
WILL__IL	90902	95828	191670
WILLIAMSON__IL	12192	14012	26939
WINNEBAGO__IL	51981	53816	109297
WOODFORD__IL	5529	10905	16793
ADAMS__IN	3775	8555	12590
ALLEN__IN	41636	70426	114320
BARTHOLOMEW__IN	9015	16200	25769
BENTON__IN	1328	2441	3874
BLACKFORD__IN	2103	2699	4893
BOONE__IN	4763	13161	18396
BROWN__IN	2608	3871	6817
CARROLL__IN	2965	5102	8268
CASS__IN	5412	9305	15106
CLARK__IN	17360	19417	37336
CLAY__IN	3605	6393	10158
CLINTON__IN	3643	7141	10991
CRAWFORD__IN	1817	2327	4209
DAVIESS__IN	2697	6872	9761
DEARBORN__IN	6020	11452	17650
DECATUR__IN	2889	6115	9171
DEKALB__IN	4776	8701	13785
DELAWARE__IN	20876	22105	44147
DUBOIS__IN	5090	10134	15504
ELKHART__IN	16402	36756	54482
FAYETTE__IN	3415	5060	8647
FLOYD__IN	13209	16486	30030
FOUNTAIN__IN	2717	4408	7281
FRANKLIN__IN	2591	5587	8339
FULTON__IN	2960	5218	8327
GIBSON__IN	5802	7734	13772
GRANT__IN	9712	16153	26386
GREENE__IN	4898	7452	12619
HAMILTON__IN	18002	56372	75926
HANCOCK__IN	6503	15943	22950
HARRISON__IN	5870	8711	14896
HENDRICKS__IN	10786	28651	40221
HENRY__IN	7647	10321	18315
HOWARD__IN	12899	20331	34095
HUNTINGTON__IN	4119	10113	14620
JACKSON__IN	5330	9054	14602
JASPER__IN	3744	7212	11167
JAY__IN	3167	4687	8030
JEFFERSON__IN	5117	6582	11931
JENNINGS__IN	3549	5732	9494
JOHNSON__IN	11952	29404	42284
KNOX__IN	6300	8485	15054
KOSCIUSKO__IN	5785	19040	25284
LAGRANGE__IN	2733	5437	8333
LAKE__IN	109078	63389	175994
LAPORTE__IN	19736	18994	39747
LAWRENCE__IN	5071	10677	16142
MADISON__IN	23403	27956	52216
MARION__IN	134189	137810	279903
MARSHALL__IN	5541	10266	16150
MARTIN__IN	1518	3008	4609
MIAMI__IN	4155	8401	12928
MONROE__IN	17523	19147	40220
MONTGOMERY__IN	3899	8891	13101
MORGAN__IN	6228	15286	22036
NEWTON__IN	2101	3250	5510
NOBLE__IN	4822	9103	14216
OHIO__IN	951	1515	2492
ORANGE__IN	2601	4687	7458
OWEN__IN	2253	4019	6503
PARKE__IN	2481	3841	6447
PERRY__IN	3823	3461	7387
PIKE__IN	2605	3566	6302
PORTER__IN	26790	31157	59378
POSEY__IN	4430	6498	11110
PULASKI__IN	1919	3497	5518
PUTNAM__IN	4123	7352	11871
RANDOLPH__IN	3906	6020	10132
RIPLEY__IN	3498	6988	10675
RUSH__IN	2370	4749	7284
ST__JOSEPH__IN	47703	47581	97474
SCOTT__IN	3915	3761	7846
SHELBY__IN	5374	9590	15310
SPENCER__IN	3752	5096	8987
STARKE__IN	4136	4349	8701
STEUBEN__IN	4103	6953	11277
SULLIVAN__IN	3833	4319	8262
SWITZERLAND__IN	1336	1831	3239
TIPPECANOE__IN	18220	26106	46295
TIPTON__IN	2392	4784	7316
UNION__IN	927	1838	2828
VANDERBURGH__IN	29222	35846	66221
VERMILLION__IN	3370	3130	6633
VIGO__IN	17570	18021	36228
WABASH__IN	4277	8321	12883
WARREN__IN	1471	2218	3768
WARRICK__IN	8749	13205	22309
WASHINGTON__IN	3675	5868	9801
WAYNE__IN	10273	14273	25151
WELLS__IN	3319	7755	11281
WHITE__IN	3655	6037	9904
WHITLEY__IN	4107	8080	12432
ADAIR__IA	1753	2275	4123
ADAMS__IA	897	1170	2145
ALLAMAKEE__IA	2883	3277	6462
APPANOOSE__IA	2560	2992	5704
AUDUBON__IA	1780	1909	3784
BENTON__IA	5915	5468	11766
BLACK_HAWK__IA	30112	23468	55085
BOONE__IA	6270	5625	12249
BREMER__IA	5169	5675	11175
BUCHANAN__IA	5045	4092	9410
BUENA_VISTA__IA	3297	4354	7977
BUTLER__IA	2735	3837	6724
CALHOUN__IA	2132	2776	5041
CARROLL__IA	4463	4879	9568
CASS__IA	2481	4206	6880
CEDAR__IA	4033	4031	8344
CERRO_GORDO__IA	12185	9397	22162
CHEROKEE__IA	2845	3463	6592
CHICKASAW__IA	3435	2936	6584
CLARKE__IA	2081	1984	4176
CLAY__IA	3294	3992	7578
CLAYTON__IA	4238	4034	8571
CLINTON__IA	12276	9229	22180
CRAWFORD__IA	2838	3482	6555
DALLAS__IA	8561	10306	19330
DAVIS__IA	1691	1956	3758
DECATUR__IA	1674	1903	3709
DELAWARE__IA	3808	4273	8349
DES_MOINES__IA	11351	7385	19365
DICKINSON__IA	3660	4225	8121
DUBUQUE__IA	22341	16462	40323
EMMET__IA	2165	2331	4630
FAYETTE__IA	4640	4747	9621
FLOYD__IA	3830	3191	7238
FRANKLIN__IA	2122	2657	4938
FREMONT__IA	1459	2069	3616
GREENE__IA	2301	2282	4719
GRUNDY__IA	2139	3851	6111
GUTHRIE__IA	2493	2840	5469
HAMILTON__IA	3407	3968	7574
HANCOCK__IA	2281	2988	5438
HARDIN__IA	3734	4486	8435
HARRISON__IA	2551	3802	6543
HENRY__IA	3907	4476	8671
HOWARD__IA	2426	1922	4491
HUMBOLDT__IA	1949	2846	4940
IDA__IA	1411	1968	3491
IOWA__IA	3230	3894	7413
JACKSON__IA	4945	3769	9032
JASPER__IA	8699	8729	17835
JEFFERSON__IA	2863	3248	7548
JOHNSON__IA	31174	17899	52769
JONES__IA	4690	4201	9143
KEOKUK__IA	2181	2571	4947
KOSSUTH__IA	3960	4612	8878
LEE__IA	9632	6339	16572
LINN__IA	48897	40417	92064
LOUISA__IA	2294	2207	4637
LUCAS__IA	1934	2262	4303
LYON__IA	1313	3918	5342
MADISON__IA	3093	3662	6969
MAHASKA__IA	3370	5971	9543
MARION__IA	5741	8358	14408
MARSHALL__IA	8322	8785	17624
MILLS__IA	2039	3684	5915
MITCHELL__IA	2650	2388	5162
MONONA__IA	2086	2304	4560
MONROE__IA	1699	1858	3647
MONTGOMERY__IA	1838	3417	5394
MUSCATINE__IA	8058	7483	16076
O_BRIEN__IA	2170	4674	7044
OSCEOLA__IA	913	2064	3063
PAGE__IA	2293	4588	7059
PALO_ALTO__IA	2326	2341	4823
PLYMOUTH__IA	3499	6189	10118
POCAHONTAS__IA	1736	2242	4141
POLK__IA	89715	79927	174167
POTTAWATTAMIE__IA	14726	18783	34467
POWESHIEK__IA	4222	4396	8980
RINGGOLD__IA	1246	1369	2692
SAC__IA	2099	2776	5033
SCOTT__IA	35857	32801	70568
SHELBY__IA	2179	3655	6009
SIOUX__IA	2148	12241	14692
STORY__IA	17478	16228	35364
TAMA__IA	4045	4034	8315
TAYLOR__IA	1247	1770	3096
UNION__IA	2540	3003	5740
VAN_BUREN__IA	1440	2016	3561
WAPELLO__IA	8355	6313	15139
WARREN__IA	9521	9621	19653
WASHINGTON__IA	3932	4827	9094
WAYNE__IA	1300	1666	3021
WEBSTER__IA	8479	8172	17048
WINNEBAGO__IA	2691	2662	5527
WINNESHIEK__IA	4339	4647	9417
WOODBURY__IA	17691	18864	37896
WORTH__IA	2208	1659	4004
WRIGHT__IA	2796	3384	6336
ALLEN__KS	2132	3379	5766
ANDERSON__KS	1327	1984	3478
ATCHISON__KS	3171	3378	6900
BARBER__KS	637	1755	2498
BARTON__KS	3238	7302	10955
BOURBON__KS	2211	3852	6308
BROWN__KS	1512	2985	4691
BUTLER__KS	6755	13377	21002
CHASE__KS	391	848	1317
CHAUTAUQUA__KS	443	1347	1880
CHEROKEE__KS	3783	5014	9130
CHEYENNE__KS	350	1312	1727
CLARK__KS	292	926	1261
CLAY__KS	951	2998	4088
CLOUD__KS	1314	2918	4503
COFFEY__KS	1196	2700	4040
COMANCHE__KS	211	760	1006
COWLEY__KS	5535	8080	14210
CRAWFORD__KS	7076	7160	15034
DECATUR__KS	424	1255	1759
DICKINSON__KS	2413	5243	8092
DONIPHAN__KS	1134	2350	3649
DOUGLAS__KS	18249	17062	39838
EDWARDS__KS	447	1062	1563
ELK__KS	402	1080	1550
ELLIS__KS	3926	6516	11160
ELLSWORTH__KS	825	1845	2839
FINNEY__KS	2431	6442	9150
FORD__KS	2566	6050	8917
FRANKLIN__KS	3321	5925	9658
GEARY__KS	2660	3977	6866
GOVE__KS	296	1122	1495
GRAHAM__KS	346	1058	1474
GRANT__KS	683	2126	2856
GRAY__KS	482	1631	2160
GREELEY__KS	143	628	803
GREENWOOD__KS	1027	2392	3561
HAMILTON__KS	264	901	1192
HARPER__KS	869	2076	3055
HARVEY__KS	4591	8271	13684
HASKELL__KS	263	1323	1616
HODGEMAN__KS	217	835	1088
JACKSON__KS	1990	3001	5250
JEFFERSON__KS	3000	4423	7877
JEWELL__KS	380	1400	1877
JOHNSON__KS	79118	129965	217536
KEARNY__KS	320	1084	1435
KINGMAN__KS	991	2672	3808
KIOWA__KS	294	1262	1608
LABETTE__KS	3745	4475	8538
LANE__KS	252	846	1133
LEAVENWORTH__KS	9733	12583	23271
LINCOLN__KS	469	1295	1890
LINN__KS	1587	2513	4259
LOGAN__KS	231	1088	1397
LYON__KS	5190	6652	12455
MCPHERSON__KS	3272	8501	12461
MARION__KS	1475	4156	5903
MARSHALL__KS	1831	3066	5115
MEADE__KS	400	1604	2053
MIAMI__KS	4554	6611	11607
MITCHELL__KS	751	2350	3266
MONTGOMERY__KS	4770	8496	13745
MORRIS__KS	882	1599	2641
MORTON__KS	321	1203	1557
NEMAHA__KS	1494	3578	5290
NEOSHO__KS	2588	4014	6886
NESS__KS	383	1420	1876
NORTON__KS	598	1744	2451
OSAGE__KS	2530	3770	6613
OSBORNE__KS	484	1432	2030
OTTAWA__KS	631	1977	2791
PAWNEE__KS	968	1850	2940
PHILLIPS__KS	611	2057	2792
POTTAWATOMIE__KS	2037	4985	7731
PRATT__KS	1314	2885	4416
RAWLINS__KS	306	1349	1740
RENO__KS	9025	15179	25430
REPUBLIC__KS	604	2239	2985
RICE__KS	1422	2903	4520
RILEY__KS	6188	10672	18253
ROOKS__KS	597	2016	2775
RUSH__KS	505	1235	1854
RUSSELL__KS	886	2434	3482
SALINE__KS	7487	12412	21527
SCOTT__KS	418	1811	2303
SEDGWICK__KS	62561	93724	163417
SEWARD__KS	1126	3869	5096
SHAWNEE__KS	34818	35894	74373
SHERIDAN__KS	281	1132	1489
SHERMAN__KS	681	1894	2682
SMITH__KS	534	1534	2184
STAFFORD__KS	567	1546	2200
STANTON__KS	215	785	1029
STEVENS__KS	345	1714	2111
SUMNER__KS	3549	6176	10232
THOMAS__KS	807	2822	3780
TREGO__KS	516	1220	1837
WABAUNSEE__KS	1025	2182	3420
WALLACE__KS	103	737	861
WASHINGTON__KS	687	2446	3267
WICHITA__KS	207	859	1090
WILSON__KS	1186	2748	4095
WOODSON__KS	521	974	1595
WYANDOTTE__KS	32411	14024	48272
ADAIR__KY	1779	5460	7328
ALLEN__KY	1950	4415	6429
ANDERSON__KY	2902	4909	7967
BALLARD__KY	1880	1824	3770
BARREN__KY	4930	8741	13844
BATH__KY	2087	2303	4473
BELL__KY	4787	5585	10611
BOONE__KY	9248	22016	31984
BOURBON__KY	3048	3881	7102
BOYD__KY	9541	9247	19182
BOYLE__KY	3963	6126	10326
BRACKEN__KY	888	2065	3019
BREATHITT__KY	2902	2084	5073
BRECKINRIDGE__KY	2595	4763	7453
BULLITT__KY	8195	14054	22701
BUTLER__KY	1299	3654	5010
CALDWELL__KY	2223	3161	5482
CALLOWAY__KY	5635	7705	13673
CAMPBELL__KY	12040	20789	33829
CARLISLE__KY	1149	1405	2593
CARROLL__KY	1601	1818	3499
CARTER__KY	4182	4617	8959
CASEY__KY	1122	4284	5469
CHRISTIAN__KY	6778	10787	17773
CLARK__KY	4918	7297	12473
CLAY__KY	1723	4926	6719
CLINTON__KY	1032	3224	4305
CRITTENDEN__KY	1610	2469	4154
CUMBERLAND__KY	736	2220	3006
DAVIESS__KY	14126	21361	36240
EDMONSON__KY	1710	3250	4995
ELLIOTT__KY	1525	827	2381
ESTILL__KY	1591	3033	4710
FAYETTE__KY	47277	54495	105477
FLEMING__KY	1813	3282	5179
FLOYD__KY	10088	5068	15394
FRANKLIN__KY	10853	10209	21654
FULTON__KY	1452	1293	2788
GALLATIN__KY	1049	1345	2459
GARRARD__KY	1713	4043	5823
GRANT__KY	2568	4405	7103
GRAVES__KY	6097	7849	14231
GRAYSON__KY	2604	5843	8558
GREEN__KY	1085	3615	4756
GREENUP__KY	7164	7233	14663
HANCOCK__KY	1508	2032	3610
HARDIN__KY	11095	18964	30690
HARLAN__KY	5365	4980	10535
HARRISON__KY	2658	3793	6611
HART__KY	2201	3725	6019
HENDERSON__KY	8054	7698	16039
HENRY__KY	2117	3244	5473
HICKMAN__KY	940	1151	2124
HOPKINS__KY	6734	9490	16489
JACKSON__KY	701	4079	4855
JEFFERSON__KY	149901	145052	302362
JESSAMINE__KY	4633	10074	15061
JOHNSON__KY	3251	4783	8180
KENTON__KY	19100	35363	56249
KNOTT__KY	4349	2029	6458
KNOX__KY	3690	6058	9910
LARUE__KY	1727	3384	5179
LAUREL__KY	4856	13029	18120
LAWRENCE__KY	2258	2969	5307
LEE__KY	836	1893	2764
LESLIE__KY	1210	3159	4434
LETCHER__KY	4698	4092	8985
LEWIS__KY	1293	3217	4568
LINCOLN__KY	2678	4795	7597
LIVINGSTON__KY	2022	2118	4230
LOGAN__KY	3885	5344	9332
LYON__KY	1680	1688	3420
MCCRACKEN__KY	11412	14745	26689
MCCREARY__KY	1418	3321	4799
MCLEAN__KY	1747	2219	4022
MADISON__KY	9309	13682	23666
MAGOFFIN__KY	2603	2785	5453
MARION__KY	2778	3259	6176
MARSHALL__KY	6203	7294	13761
MARTIN__KY	1714	2667	4456
MASON__KY	2178	3572	5873
MEADE__KY	3596	5319	9071
MENIFEE__KY	1038	1170	2249
MERCER__KY	3092	5362	8632
METCALFE__KY	1318	2476	3849
MONROE__KY	1158	4377	5569
MONTGOMERY__KY	3833	4534	8519
MORGAN__KY	1875	2295	4240
MUHLENBERG__KY	6295	5518	11956
NELSON__KY	5481	7714	13488
NICHOLAS__KY	994	1613	2673
OHIO__KY	3303	5413	8882
OLDHAM__KY	6236	13580	20268
OWEN__KY	1394	2582	4070
OWSLEY__KY	339	1466	1826
PENDLETON__KY	1670	3044	4803
PERRY__KY	5514	5300	11000
PIKE__KY	13611	11005	24935
POWELL__KY	2008	2258	4362
PULASKI__KY	5415	15845	21541
ROBERTSON__KY	341	630	998
ROCKCASTLE__KY	1174	3992	5247
ROWAN__KY	3505	3546	7226
RUSSELL__KY	1710	5268	7074
SCOTT__KY	5472	7952	13786
SHELBY__KY	4435	8068	12738
SIMPSON__KY	2583	3169	5824
SPENCER__KY	1554	3150	4772
TAYLOR__KY	2790	6151	9051
TODD__KY	1496	2646	4187
TRIGG__KY	2110	3130	5344
TRIMBLE__KY	1181	1837	3081
UNION__KY	2547	2749	5368
WARREN__KY	12180	20235	32975
WASHINGTON__KY	1458	3044	4588
WAYNE__KY	2312	4069	6474
WEBSTER__KY	2388	2599	5072
WHITLEY__KY	4101	7502	11774
WOLFE__KY	1136	1267	2425
WOODFORD__KY	3995	5890	10137
ACADIA__LA	8892	13814	23238
ALLEN__LA	3914	4035	8292
ASCENSION__LA	13385	16818	30844
ASSUMPTION__LA	5222	4388	10053
AVOYELLES__LA	6701	7329	14653
BEAUREGARD__LA	3958	7862	12205
BIENVILLE__LA	3413	3269	7006
BOSSIER__LA	11933	23224	35915
CADDO__LA	47530	46807	95639
CALCASIEU__LA	33919	38086	73636
CALDWELL__LA	1359	2817	4328
CAMERON__LA	1435	2593	4183
CATAHOULA__LA	1718	2912	4765
CLAIBORNE__LA	2721	3384	6281
CONCORDIA__LA	3569	4627	8499
DE_SOTO__LA	5036	5260	10596
EAST_BATON_ROUGE__LA	76516	89128	168989
EAST_CARROLL__LA	1876	1280	3245
EAST_FELICIANA__LA	3870	4051	8099
EVANGELINE__LA	5763	7290	13612
FRANKLIN__LA	2792	5363	8356
GRANT__LA	2099	4784	7055
IBERIA__LA	11762	17236	30020
IBERVILLE__LA	8355	5573	14503
JACKSON__LA	2582	4347	7106
JEFFERSON__LA	70411	105003	179151
JEFFERSON_DAVIS__LA	5162	6945	12546
LAFAYETTE__LA	27190	48491	78293
LAFOURCHE__LA	14627	18575	34449
LASALLE__LA	1397	4564	6108
LINCOLN__LA	6851	9246	16551
LIVINGSTON__LA	11008	24889	36865
MADISON__LA	2489	2127	4743
MOREHOUSE__LA	5289	6641	12321
NATCHITOCHES__LA	6924	7332	14857
ORLEANS__LA	137630	39404	181221
OUACHITA__LA	21457	35107	58211
PLAQUEMINES__LA	4425	6302	10931
POINTE_COUPEE__LA	5813	4710	10832
RAPIDES__LA	18898	28831	49024
RED_RIVER__LA	2177	2200	4522
RICHLAND__LA	3282	4895	8485
SABINE__LA	2846	5754	8862
ST__BERNARD__LA	11682	16255	28621
ST__CHARLES__LA	8918	11981	21510
ST__HELENA__LA	3059	1965	5254
ST__JAMES__LA	6523	3813	10705
ST__JOHN_THE_BAPTIST__LA	9745	7423	17713
ST__LANDRY__LA	18067	15449	34151
ST__MARTIN__LA	9853	9961	20778
ST__MARY__LA	9851	11325	21810
ST__TAMMANY__LA	22722	59193	83737
TANGIPAHOA__LA	15843	20421	37155
TENSAS__LA	1580	1330	3010
TERREBONNE__LA	14414	21314	36675
UNION__LA	3205	5772	9343
VERMILION__LA	8704	12495	22235
VERNON__LA	4655	8794	13827
WASHINGTON__LA	7399	8983	16887
WEBSTER__LA	7197	9420	17090
WEST_BATON_ROUGE__LA	5058	4924	10169
WEST_CARROLL__LA	1319	3220	4675
WEST_FELICIANA__LA	2187	2512	4860
WINN__LA	2167	4028	6361
ANDROSCOGGIN__ME	26251	19948	49245
AROOSTOOK__ME	17196	16555	35143
CUMBERLAND__ME	74203	58543	142620
FRANKLIN__ME	7593	6459	15448
HANCOCK__ME	12983	12732	28574
KENNEBEC__ME	31198	23967	58907
KNOX__ME	9453	8968	20501
LINCOLN__ME	8634	9457	19671
OXFORD__ME	13649	11835	27493
PENOBSCOT__ME	32868	35620	73206
PISCATAQUIS__ME	3745	4845	9256
SAGADAHOC__ME	8844	8052	18406
SOMERSET__ME	11538	10684	23951
WALDO__ME	8477	8689	19138
WASHINGTON__ME	6701	7958	15708
YORK__ME	46618	42304	94550
ALLEGANY__MD	10894	14656	26371
ANNE_ARUNDEL__MD	89624	104209	200657
BALTIMORE_COUNTY__MD	160635	133033	304084
CALVERT__MD	12986	16004	29806
CAROLINE__MD	3396	5300	8952
CARROLL__MD	20146	41742	64027
CECIL__MD	12327	15494	28876
CHARLES__MD	21873	21768	44592
DORCHESTER__MD	5232	5847	11392
FREDERICK__MD	30725	45350	78661
GARRETT__MD	2872	7514	10655
HARFORD__MD	35665	52862	91424
HOWARD__MD	58556	49809	112779
KENT__MD	3627	4155	8085
MONTGOMERY__MD	232453	124580	371688
PRINCE_GEORGE_S__MD	216119	49987	271909
QUEEN_ANNE_S__MD	6257	9970	16761
ST_MARY_S__MD	11912	16856	29501
SOMERSET__MD	3785	3609	7604
TALBOT__MD	5854	8874	15234
WASHINGTON__MD	18221	27948	47470
WICOMICO__MD	14469	16338	31795
WORCESTER__MD	9389	10742	20753
BALTIMORE_CITY__MD	158765	27150	192404
BARNSTABLE__MA	62363	49686	121086
BERKSHIRE__MA	37934	15805	59411
BRISTOL__MA	136325	62848	211337
DUKES__MA	5474	2315	8856
ESSEX__MA	178400	110010	310333
FRANKLIN__MA	17945	10176	33366
HAMPDEN__MA	100103	59558	172093
HAMPSHIRE__MA	38543	19202	68626
MIDDLESEX__MA	404043	198914	657048
NANTUCKET__MA	2874	1624	4926
NORFOLK__MA	188450	107033	317177
PLYMOUTH__MA	115376	82751	211577
SUFFOLK__MA	154888	44441	217000
WORCESTER__MA	173769	114139	310148
ALCONA__MI	2696	3152	5997
ALGER__MI	2071	2142	4366
ALLEGAN__MI	15495	28197	44891
ALPENA__MI	7053	6769	14132
ANTRIM__MI	4329	6780	11507
ARENAC__MI	3685	3421	7267
BARAGA__MI	1400	1836	3393
BARRY__MI	9769	15716	26244
BAY__MI	28251	22150	51636
BENZIE__MI	3546	4172	8072
BERRIEN__MI	28152	35689	65241
BRANCH__MI	6691	8743	15783
CALHOUN__MI	27312	26291	55080
CASS__MI	8808	10545	19825
CHARLEVOIX__MI	4958	7018	12487
CHEBOYGAN__MI	5484	6815	12617
CHIPPEWA__MI	6370	7526	14354
CLARE__MI	6287	5937	12607
CLINTON__MI	13394	18054	32199
CRAWFORD__MI	2790	3345	6364
DELTA__MI	7970	8871	17316
DICKINSON__MI	5533	6932	12832
EATON__MI	23211	24803	49272
EMMET__MI	5451	8602	14711
GENESEE__MI	119833	66641	190865
GLADWIN__MI	5573	5743	11629
GOGEBIC__MI	4066	3929	8339
GRAND_TRAVERSE__MI	14371	22358	38229
GRATIOT__MI	6538	8312	15179
HILLSDALE__MI	6495	10483	17473
HOUGHTON__MI	5688	7895	14216
HURON__MI	6899	8911	16095
INGHAM__MI	69231	47314	120595
IONIA__MI	9481	13915	23970
IOSCO__MI	6505	6345	13222
IRON__MI	3014	2967	6188
ISABELLA__MI	10228	10053	21069
JACKSON__MI	28160	32066	61946
KALAMAZOO__MI	48807	48254	100656
KALKASKA__MI	2774	3842	6849
KENT__MI	95442	148602	250318
KEWEENAW__MI	540	740	1343
LAKE__MI	2584	1961	4693
LAPEER__MI	15749	20351	37234
LEELANAU__MI	4635	6840	12009
LENAWEE__MI	18365	20681	40093
LIVINGSTON__MI	28780	44637	75475
LUCE__MI	956	1480	2536
MACKINAC__MI	2533	3272	5970
MACOMB__MI	172625	164265	345559
MANISTEE__MI	5639	5401	11428
MARQUETTE__MI	15503	12577	29179
MASON__MI	5579	7066	13016
MECOSTA__MI	6300	8072	14754
MENOMINEE__MI	4597	5529	10434
MIDLAND__MI	15959	21887	38888
MISSAUKEE__MI	2062	4274	6496
MONROE__MI	31555	28940	61795
MONTCALM__MI	9627	12696	22904
MONTMORENCY__MI	2139	2750	5009
MUSKEGON__MI	37865	30028	69270
NEWAYGO__MI	7677	11399	19557
OAKLAND__MI	281201	274319	570265
OCEANA__MI	4597	5913	10772
OGEMAW__MI	4896	4706	9855
ONTONAGON__MI	1514	2472	4151
OSCEOLA__MI	4006	5680	9930
OSCODA__MI	1677	2207	3992
OTSEGO__MI	4034	6108	10505
OTTAWA__MI	29600	78703	110599
PRESQUE_ISLE__MI	3242	3660	7080
ROSCOMMON__MI	6433	6190	12928
SAGINAW__MI	50825	41152	93756
ST__CLAIR__MI	33002	33571	68516
ST__JOSEPH__MI	8574	12906	22024
SANILAC__MI	7153	10966	18566
SCHOOLCRAFT__MI	2036	2088	4198
SHIAWASSEE__MI	15520	15816	32218
TUSCOLA__MI	10845	13213	24652
VAN_BUREN__MI	13796	14792	29482
WASHTENAW__MI	86647	52459	144940
WAYNE__MI	530414	223021	768627
WEXFORD__MI	5326	7215	12982
AITKIN__MN	3830	3755	8260
ANOKA__MN	68008	69256	145619
BECKER__MN	5253	8152	14333
BELTRAMI__MN	7301	8346	17217
BENTON__MN	6009	7663	14908
BIG_STONE__MN	1430	1370	2980
BLUE_EARTH__MN	12329	12942	27402
BROWN__MN	4650	7370	12834
CARLTON__MN	8620	5578	15081
CARVER__MN	12462	20790	35021
CASS__MN	5534	7134	13593
CHIPPEWA__MN	2952	2977	6352
CHISAGO__MN	9593	10937	21987
CLAY__MN	10128	11712	23358
CLEARWATER__MN	1466	2137	3824
COOK__MN	1171	1295	2820
COTTONWOOD__MN	2503	3369	6181
CROW_WING__MN	11255	15035	28128
DAKOTA__MN	85446	87250	182249
DODGE__MN	3370	4213	8050
DOUGLAS__MN	6352	9811	17205
FARIBAULT__MN	3624	4336	8424
FILLMORE__MN	5020	4646	10223
FREEBORN__MN	8514	6843	16139
GOODHUE__MN	9981	10852	22257
GRANT__MN	1507	1804	3624
HENNEPIN__MN	307599	225657	573846
HOUSTON__MN	4502	5077	10167
HUBBARD__MN	3632	5307	9613
ISANTI__MN	6247	7668	14929
ITASCA__MN	10583	9545	21714
JACKSON__MN	2364	2773	5438
KANABEC__MN	2831	3480	6811
KANDIYOHI__MN	8220	10026	19285
KITTSON__MN	1107	1353	2637
KOOCHICHING__MN	2903	3523	6879
LAC_QUI_PARLE__MN	2244	1941	4453
LAKE__MN	3579	2465	6563
LAKE_OF_THE_WOODS__MN	848	1216	2187
LE_SUEUR__MN	5361	6138	12331
LINCOLN__MN	1590	1513	3284
LYON__MN	4737	6087	11489
MCLEOD__MN	5609	8782	15394
MAHNOMEN__MN	921	1122	2224
MARSHALL__MN	1910	2912	5199
MARTIN__MN	4166	5686	10371
MEEKER__MN	4402	5520	10672
MILLE_LACS__MN	4376	5223	10253
MORRISON__MN	5274	8197	14677
MOWER__MN	10693	6873	18480
MURRAY__MN	2093	2407	4753
NICOLLET__MN	7041	7221	15327
NOBLES__MN	3760	4766	8872
NORMAN__MN	1575	1808	3641
OLMSTED__MN	25822	30641	59392
OTTER_TAIL__MN	9844	16963	28511
PENNINGTON__MN	2458	3380	6320
PINE__MN	6148	5854	13068
PIPESTONE__MN	1970	2693	4894
POLK__MN	5764	7609	14140
POPE__MN	2771	2808	5987
RAMSEY__MN	138470	87669	244278
RED_LAKE__MN	830	1090	2090
REDWOOD__MN	2681	4589	7748
RENVILLE__MN	3533	4036	8122
RICE__MN	13140	10876	26021
ROCK__MN	2081	2772	5010
ROSEAU__MN	2128	4695	7166
ST__LOUIS__MN	64237	35420	107464
SCOTT__MN	17503	23954	43793
SHERBURNE__MN	12109	16813	30835
SIBLEY__MN	2687	4087	7335
STEARNS__MN	24800	32402	62476
STEELE__MN	6900	8223	16066
STEVENS__MN	2434	2831	5752
SWIFT__MN	2698	2376	5437
TODD__MN	4132	6031	11092
TRAVERSE__MN	884	1074	2106
WABASHA__MN	4522	5245	10531
WADENA__MN	2251	3733	6382
WASECA__MN	3694	4608	8864
WASHINGTON__MN	49637	51502	107009
WATONWAN__MN	2258	2562	5134
WILKIN__MN	1046	2032	3305
WINONA__MN	11069	10773	23918
WRIGHT__MN	16762	23861	43366
YELLOW_MEDICINE__MN	2528	2598	5515
ADAMS__MS	8065	6691	14879
ALCORN__MS	5059	7254	12638
AMITE__MS	2673	3677	6408
ATTALA__MS	2922	4206	7173
BENTON__MS	1886	1561	3481
BOLIVAR__MS	8436	4847	13538
CALHOUN__MS	2251	3448	5758
CARROLL__MS	1726	3165	4924
CHICKASAW__MS	3519	3549	7175
CHOCTAW__MS	1278	2398	3719
CLAIBORNE__MS	3670	883	4615
CLARKE__MS	2368	4503	6919
CLAY__MS	4515	3570	8165
COAHOMA__MS	5662	3695	9553
COPIAH__MS	4845	5643	10587
COVINGTON__MS	2623	4180	6881
DESOTO__MS	9586	24879	34936
FORREST__MS	8500	13281	22251
FRANKLIN__MS	1486	2427	3953
GEORGE__MS	1977	5143	7284
GREENE__MS	1317	3082	4436
GRENADA__MS	4163	5129	9385
HANCOCK__MS	4801	9326	14548
HARRISON__MS	19142	32256	52616
HINDS__MS	46789	37753	87770
HOLMES__MS	5447	1937	7422
HUMPHREYS__MS	2288	1628	3944
ISSAQUENA__MS	555	366	941
ITAWAMBA__MS	2994	5424	8564
JACKSON__MS	14193	30068	45107
JASPER__MS	3104	3294	6447
JEFFERSON__MS	2786	600	3408
JEFFERSON_DAVIS__MS	2835	2437	5317
JONES__MS	7713	16341	24340
KEMPER__MS	2311	1915	4261
LAFAYETTE__MS	5139	7081	12678
LAMAR__MS	3478	12795	16602
LAUDERDALE__MS	8412	17315	25970
LAWRENCE__MS	2841	3674	6587
LEAKE__MS	2793	4114	6952
LEE__MS	9142	15551	25094
LEFLORE__MS	6401	4626	11276
LINCOLN__MS	4358	8540	13000
LOWNDES__MS	7537	11404	19230
MADISON__MS	10416	19109	29859
MARION__MS	4114	6796	10998
MARSHALL__MS	7735	4723	12592
MONROE__MS	5783	7397	13360
MONTGOMERY__MS	2187	2630	4849
NESHOBA__MS	2563	6409	9066
NEWTON__MS	2147	5540	7738
NOXUBEE__MS	3383	1530	4954
OKTIBBEHA__MS	6443	7959	14804
PANOLA__MS	5880	5424	11389
PEARL_RIVER__MS	4611	11575	16477
PERRY__MS	1285	3026	4359
PIKE__MS	6544	7464	14166
PONTOTOC__MS	2771	6601	9510
PRENTISS__MS	3287	5101	8482
QUITMAN__MS	2103	1280	3413
RANKIN__MS	8050	32983	41435
SCOTT__MS	3548	5601	9206
SHARKEY__MS	1706	1074	2903
SIMPSON__MS	3227	6254	9574
SMITH__MS	1620	4838	6528
STONE__MS	1677	3702	5523
SUNFLOWER__MS	4981	3369	8415
TALLAHATCHIE__MS	3041	2428	5523
TATE__MS	3441	5148	8693
TIPPAH__MS	2908	5381	8403
TISHOMINGO__MS	2747	4122	6992
TUNICA__MS	1539	792	2366
UNION__MS	3094	6087	9311
WALTHALL__MS	2356	3476	5895
WARREN__MS	7485	10892	18623
WASHINGTON__MS	10405	7367	18328
WAYNE__MS	2981	4635	7705
WEBSTER__MS	1426	3069	4545
WILKINSON__MS	2551	1423	4098
WINSTON__MS	3672	4645	8368
YALOBUSHA__MS	2674	2470	5228
YAZOO__MS	4997	5254	10516
ADAIR__MO	4101	6050	10552
ANDREW__MO	2795	4257	7274
ATCHISON__MO	1013	1798	2871
AUDRAIN__MO	4551	5256	9985
BARRY__MO	4135	7885	12368
BARTON__MO	1424	3836	5366
BATES__MO	3386	4245	7792
BENTON__MO	3150	4218	7534
BOLLINGER__MO	1692	3487	5294
BOONE__MO	28811	28426	59609
BUCHANAN__MO	17085	16423	34751
BUTLER__MO	4996	9111	14397
CALDWELL__MO	1488	2220	3850
CALLAWAY__MO	6708	8238	15308
CAMDEN__MO	6323	10358	17099
CAPE_GIRARDEAU__MO	9334	19832	29859
CARROLL__MO	1620	2880	4581
CARTER__MO	997	1730	2808
CASS__MO	14921	20113	35869
CEDAR__MO	1979	3530	5663
CHARITON__MO	1792	2300	4154
CHRISTIAN__MO	7896	14824	23228
CLARK__MO	1812	1899	3802
CLAY__MO	39084	39083	80173
CLINTON__MO	3994	4323	8531
COLE__MO	12056	20167	32775
COOPER__MO	2567	4072	6790
CRAWFORD__MO	3350	4754	8302
DADE__MO	1193	2468	3752
DALLAS__MO	2311	3723	6219
DAVIESS__MO	1367	2011	3494
DEKALB__MO	1562	2363	4049
DENT__MO	1839	3996	5988
DOUGLAS__MO	1546	3599	5281
DUNKLIN__MO	4947	5426	10525
FRANKLIN__MO	16172	21863	39194
GASCONADE__MO	2257	4190	6629
GENTRY__MO	1271	1771	3105
GREENE__MO	41091	59178	102926
GRUNDY__MO	1563	2976	4708
HARRISON__MO	1328	2552	3991
HENRY__MO	4459	5120	9778
HICKORY__MO	1961	2172	4238
HOLT__MO	871	1738	2662
HOWARD__MO	1944	2414	4512
HOWELL__MO	4641	9018	14075
IRON__MO	2044	2237	4414
JACKSON__MO	160419	104418	272062
JASPER__MO	11737	24899	37481
JEFFERSON__MO	38616	36766	77204
JOHNSON__MO	6926	9339	16787
KNOX__MO	787	1226	2055
LACLEDE__MO	4183	8556	13046
LAFAYETTE__MO	6343	7849	14520
LAWRENCE__MO	4235	8305	12903
LEWIS__MO	2023	2388	4484
LINCOLN__MO	6961	8549	15913
LINN__MO	2646	3246	6010
LIVINGSTON__MO	2425	3709	6276
MCDONALD__MO	1866	4460	6529
MACON__MO	2817	4232	7175
MADISON__MO	1828	2460	4373
MARIES__MO	1554	2216	3854
MARION__MO	4993	6550	11712
MERCER__MO	555	1250	1842
MILLER__MO	3217	5945	9356
MISSISSIPPI__MO	2756	2395	5215
MONITEAU__MO	2176	3764	6065
MONROE__MO	1860	2175	4094
MONTGOMERY__MO	2092	3106	5303
MORGAN__MO	3235	4460	7881
NEW_MADRID__MO	3738	3416	7266
NEWTON__MO	6447	14232	21162
NODAWAY__MO	3553	5161	9049
OREGON__MO	1568	2521	4233
OSAGE__MO	1938	4154	6178
OZARK__MO	1432	2663	4292
PEMISCOT__MO	3245	2750	6060
PERRY__MO	2085	4667	6903
PETTIS__MO	5855	9533	15755
PHELPS__MO	6262	9444	16146
PIKE__MO	3557	3648	7351
PLATTE__MO	15325	17785	34054
POLK__MO	3606	6430	10294
PULASKI__MO	3800	6531	10531
PUTNAM__MO	708	1593	2334
RALLS__MO	2033	2446	4542
RANDOLPH__MO	4116	4844	9186
RAY__MO	4970	4517	9747
REYNOLDS__MO	1298	1762	3131
RIPLEY__MO	1820	3121	5065
ST__CHARLES__MO	53806	72114	128686
ST__CLAIR__MO	1866	2731	4739
SAINTE_GENEVIEVE__MO	3600	3505	7311
ST__FRANCOIS__MO	9075	9327	18841
ST__LOUIS_CO___MO	250631	224689	486884
SALINE__MO	4585	4572	9355
SCHUYLER__MO	808	1159	2006
SCOTLAND__MO	790	1335	2179
SCOTT__MO	6452	8999	15704
SHANNON__MO	1430	2245	3781
SHELBY__MO	1262	1936	3257
STODDARD__MO	4476	7727	12454
STONE__MO	4055	7793	12151
SULLIVAN__MO	1127	1877	3064
TANEY__MO	5092	9647	15112
TEXAS__MO	3486	6136	9932
VERNON__MO	3156	4985	8408
WARREN__MO	4524	5979	10740
WASHINGTON__MO	4047	4020	8265
WAYNE__MO	2387	3346	5848
WEBSTER__MO	4174	7350	11880
WORTH__MO	469	651	1158
WRIGHT__MO	2250	5391	7841
ST__LOUIS__MO	96557	24799	124752
BEAVERHEAD__MT	799	3113	4196
BIG_HORN__MT	2345	1651	4161
BLAINE__MT	1246	1410	2759
BROADWATER__MT	462	1488	2074
CARBON__MT	1434	3008	4789
CARTER__MT	53	573	645
CASCADE__MT	13137	18164	33317
CHOUTEAU__MT	686	2039	2885
CUSTER__MT	1501	3156	4905
DANIELS__MT	303	750	1110
DAWSON__MT	1364	2723	4271
DEER_LODGE__MT	2672	1493	4534
FALLON__MT	256	1061	1369
FERGUS__MT	1352	4353	5994
FLATHEAD__MT	8329	22519	33839
GALLATIN__MT	10009	18833	32040
GARFIELD__MT	61	651	744
GLACIER__MT	2211	1709	4124
GOLDEN_VALLEY__MT	88	405	531
GRANITE__MT	295	1181	1590
HILL__MT	2760	3392	6558
JEFFERSON__MT	1513	3308	5163
JUDITH_BASIN__MT	278	1057	1394
LAKE__MT	3884	6441	11448
LEWIS_AND_CLARK__MT	9982	15091	27269
LIBERTY__MT	243	752	1044
LINCOLN__MT	1629	5578	7846
MCCONE__MT	267	827	1142
MADISON__MT	758	2656	3656
MEAGHER__MT	176	698	935
MINERAL__MT	382	1078	1639
MISSOULA__MT	17241	21474	46576
MUSSELSHELL__MT	512	1582	2207
PARK__MT	2154	4523	7406
PETROLEUM__MT	36	254	306
PHILLIPS__MT	423	1727	2228
PONDERA__MT	792	1948	2896
POWDER_RIVER__MT	115	860	1008
POWELL__MT	638	1971	2832
PRAIRIE__MT	164	541	746
RAVALLI__MT	4451	11241	17238
RICHLAND__MT	1018	2858	4033
ROOSEVELT__MT	2059	1605	3813
ROSEBUD__MT	1394	1826	3423
SANDERS__MT	1165	3144	4721
SHERIDAN__MT	702	1176	1965
SILVER_BOW__MT	8967	6299	16703
STILLWATER__MT	925	2765	3918
SWEET_GRASS__MT	305	1450	1846
TETON__MT	847	2294	3314
TOOLE__MT	630	1639	2378
TREASURE__MT	106	344	479
VALLEY__MT	1273	2500	3963
WHEATLAND__MT	243	708	999
WIBAUX__MT	121	369	518
YELLOWSTONE__MT	20370	33922	57499
ADAMS__NE	3686	8162	12438
ANTELOPE__NE	678	2562	3368
ARTHUR__NE	26	235	272
BANNER__NE	65	390	462
BLAINE__NE	43	299	349
BOONE__NE	575	2196	2862
BOX_BUTTE__NE	1614	3208	5089
BOYD__NE	265	931	1242
BROWN__NE	250	1375	1684
BUFFALO__NE	3927	11931	16461
BURT__NE	1223	2056	3392
BUTLER__NE	1028	2638	3828
CASS__NE	3656	6144	10280
CEDAR__NE	1062	2989	4269
CHASE__NE	306	1505	1875
CHERRY__NE	446	2322	2847
CHEYENNE__NE	844	3207	4186
CLAY__NE	774	2326	3215
COLFAX__NE	863	2338	3315
CUMING__NE	857	3232	4215
CUSTER__NE	976	4245	5414
DAKOTA__NE	2695	3119	6061
DAWES__NE	823	2549	3621
DAWSON__NE	1740	5511	7507
DEUEL__NE	213	783	1033
DIXON__NE	820	1834	2792
DODGE__NE	5021	8871	14472
DOUGLAS__NE	73347	101025	183156
DUNDY__NE	179	801	1011
FILLMORE__NE	848	2024	2998
FRANKLIN__NE	420	1196	1668
FRONTIER__NE	244	1102	1393
FURNAS__NE	534	1849	2431
GAGE__NE	3516	5538	9506
GARDEN__NE	203	963	1219
GARFIELD__NE	202	718	963
GOSPER__NE	228	757	1014
GRANT__NE	49	324	385
GREELEY__NE	416	839	1310
HALL__NE	5952	11803	18546
HAMILTON__NE	1066	3251	4491
HARLAN__NE	438	1358	1852
HAYES__NE	66	486	571
HITCHCOCK__NE	312	1126	1480
HOLT__NE	846	3954	4959
HOOKER__NE	74	317	409
HOWARD__NE	955	1760	2827
JEFFERSON__NE	1361	2351	3847
JOHNSON__NE	794	1210	2112
KEARNEY__NE	680	2333	3122
KEITH__NE	778	2953	3849
KEYA_PAHA__NE	78	422	513
KIMBALL__NE	379	1379	1820
KNOX__NE	1037	2784	3978
LANCASTER__NE	44650	55514	107132
LINCOLN__NE	5205	9220	15114
LOGAN__NE	60	336	412
LOUP__NE	84	284	378
MCPHERSON__NE	48	244	301
MADISON__NE	2772	9636	12853
MERRICK__NE	848	2380	3340
MORRILL__NE	460	1597	2138
NANCE__NE	497	1105	1665
NEMAHA__NE	1063	2177	3369
NUCKOLLS__NE	644	1701	2443
OTOE__NE	2208	4178	6662
PAWNEE__NE	522	937	1519
PERKINS__NE	243	1170	1452
PHELPS__NE	934	3575	4627
PIERCE__NE	570	2534	3208
PLATTE__NE	2612	9861	12859
POLK__NE	610	1925	2613
RED_WILLOW__NE	1188	3680	5025
RICHARDSON__NE	1382	2623	4150
ROCK__NE	141	725	894
SALINE__NE	2321	2581	5145
SARPY__NE	14637	28979	45278
SAUNDERS__NE	2852	5688	8919
SCOTTS_BLUFF__NE	3937	9397	13839
SEWARD__NE	2250	4457	7016
SHERIDAN__NE	392	2105	2576
SHERMAN__NE	564	1072	1705
SIOUX__NE	98	629	752
STANTON__NE	500	1895	2486
THAYER__NE	821	2096	3006
THOMAS__NE	55	329	395
THURSTON__NE	924	1040	2082
VALLEY__NE	583	1610	2263
WASHINGTON__NE	2550	5758	8626
WAYNE__NE	1001	2774	3940
WEBSTER__NE	584	1302	1945
WHEELER__NE	85	351	453
YORK__NE	1407	4816	6460
CHURCHILL__NV	2191	6237	8823
CLARK__NV	196100	170932	382198
DOUGLAS__NV	5837	11193	17974
ELKO__NV	2542	11025	14180
ESMERALDA__NV	116	333	491
EUREKA__NV	150	632	837
HUMBOLDT__NV	1128	3638	5030
LANDER__NV	395	1619	2119
LINCOLN__NV	461	1372	1956
LYON__NV	3955	7270	11992
MINERAL__NV	916	1227	2293
NYE__NV	4525	6904	12181
PERSHING__NV	476	1221	1802
STOREY__NV	666	1014	1798
WASHOE__NV	52097	63640	122301
WHITE_PINE__NV	1069	2234	3543
CARSON_CITY__NV	7354	11084	19452
BELKNAP__NH	10719	14799	26795
CARROLL__NH	9852	12597	23879
CHESHIRE__NH	17382	13793	33395
COOS__NH	6570	7329	14600
GRAFTON__NH	18326	18092	38733
HILLSBOROUGH__NH	77625	80649	165761
MERRIMACK__NH	30622	30028	63684
ROCKINGHAM__NH	61628	65860	134173
STRAFFORD__NH	25400	21108	49393
SULLIVAN__NH	8224	9304	18668
ATLANTIC__NJ	52880	35593	91102
BERGEN__NJ	202682	152731	366721
BURLINGTON__NJ	99506	72254	177541
CAMDEN__NJ	127166	62464	196861
CAPE_MAY__NJ	22189	23794	47594
CUMBERLAND__NJ	28188	18882	48684
ESSEX__NJ	185505	66842	259573
GLOUCESTER__NJ	61095	42315	107298
HUDSON__NJ	118206	43804	167361
HUNTERDON__NJ	21387	32210	56455
MERCER__NJ	83256	46670	135559
MIDDLESEX__NJ	154998	93545	258849
MONMOUTH__NJ	131476	119291	262141
MORRIS__NJ	88039	111066	206508
OCEAN__NJ	102104	105684	216393
PASSAIC__NJ	90324	61043	156573
SALEM__NJ	13718	12257	26972
SOMERSET__NJ	56232	59725	120377
SUSSEX__NJ	21353	33277	57490
UNION__NJ	112003	68554	186373
WARREN__NJ	16543	22172	40801
BERNALILLO__NM	99461	95249	204319
CATRON__NM	353	1273	1711
CHAVES__NM	6340	11378	18149
CIBOLA__NM	4127	2752	7088
COLFAX__NM	2653	2600	5461
CURRY__NM	3471	8301	11969
DE_BACA__NM	349	612	982
DONA_ANA__NM	23912	21263	46653
EDDY__NM	7108	10335	17787
GRANT__NM	5673	4961	11241
GUADALUPE__NM	1076	548	1651
HARDING__NM	214	366	593
HIDALGO__NM	839	954	1834
LEA__NM	3855	10157	14256
LINCOLN__NM	2027	4458	6772
LOS_ALAMOS__NM	4149	5623	10218
LUNA__NM	2975	3395	6612
MCKINLEY__NM	10281	5070	15879
MORA__NM	1456	668	2191
OTERO__NM	5465	10258	16204
QUAY__NM	1471	2292	3844
RIO_ARRIBA__NM	8169	3495	12097
ROOSEVELT__NM	1762	3762	5651
SANDOVAL__NM	14899	15423	31755
SAN_JUAN__NM	11980	21434	34657
SAN_MIGUEL__NM	6540	2215	9161
SANTA_FE__NM	32017	13974	49471
SIERRA__NM	1689	2721	4586
SOCORRO__NM	3294	3173	6826
TAOS__NM	7039	2744	10895
TORRANCE__NM	1868	2891	4960
UNION__NM	452	1269	1755
VALENCIA__NM	9819	10803	21377
ALBANY__NY	85617	47624	141969
ALLEGANY__NY	6336	11436	18689
BRONX__NY	265801	36245	308048
BROOME__NY	45381	36946	87063
CATTARAUGUS__NY	13697	18382	33733
CAYUGA__NY	17031	14988	33978
CHAUTAUQUA__NY	27016	29064	58720
CHEMUNG__NY	17424	18779	37710
CHENANGO__NY	9112	10033	20250
CLINTON__NY	15542	13274	30555
COLUMBIA__NY	13489	13153	28691
CORTLAND__NY	9691	9857	20723
DELAWARE__NY	8450	10662	20175
DUTCHESS__NY	52390	52669	111762
ERIE__NY	240176	160176	424654
ESSEX__NY	7927	8822	17932
FRANKLIN__NY	8870	7643	17447
FULTON__NY	9314	11434	21671
GENESEE__NY	10191	14459	26069
GREENE__NY	8480	11332	21094
HAMILTON__NY	1114	2388	3682
HERKIMER__NY	12224	14147	27705
JEFFERSON__NY	16799	18192	36418
KINGS__NY	497468	96605	617105
LEWIS__NY	4333	6103	10923
LIVINGSTON__NY	10476	15244	27223
MADISON__NY	12017	14879	28366
MONROE__NY	161743	141266	317762
MONTGOMERY__NY	10249	9765	20809
NASSAU__NY	341610	226954	589707
NEW_YORK__NY	449300	79921	563232
NIAGARA__NY	47781	40952	93257
ONEIDA__NY	43933	47603	95996
ONONDAGA__NY	109896	83678	203629
ONTARIO__NY	19761	23885	45948
ORANGE__NY	58170	62852	126549
ORLEANS__NY	5991	9202	15843
OSWEGO__NY	22857	23249	48473
OTSEGO__NY	11460	12219	25358
PUTNAM__NY	18525	21853	42547
QUEENS__NY	416967	122052	555930
RENSSELAER__NY	34808	29562	68436
RICHMOND__NY	73828	63903	142121
ROCKLAND__NY	69530	48441	122580
ST__LAWRENCE__NY	21386	16449	39779
SARATOGA__NY	43359	46623	95057
SCHENECTADY__NY	35534	27961	66946
SCHOHARIE__NY	5390	7459	13548
SCHUYLER__NY	3301	4381	8153
SENECA__NY	6841	6734	14333
STEUBEN__NY	14600	24200	40563
SUFFOLK__NY	306306	240992	573866
SULLIVAN__NY	14348	12703	28524
TIOGA__NY	9170	12239	22454
TOMPKINS__NY	21807	13351	40060
ULSTER__NY	38162	33447	78225
WARREN__NY	12193	14993	28621
WASHINGTON__NY	9641	12596	23555
WAYNE__NY	14977	21701	38329
WESTCHESTER__NY	218010	139278	371775
WYOMING__NY	5935	10809	17627
YATES__NY	3962	5565	10052
ALAMANCE__NC	17459	29305	47091
ALEXANDER__NC	4166	9242	13492
ALLEGHANY__NC	1715	2531	4313
ANSON__NC	4792	3161	7985
ASHE__NC	4011	6226	10316
AVERY__NC	1686	4956	6694
BEAUFORT__NC	6634	10531	17313
BERTIE__NC	4660	2488	7176
BLADEN__NC	5889	4977	10908
BRUNSWICK__NC	13118	15427	28839
BUNCOMBE__NC	38545	46101	85476
BURKE__NC	11924	18466	30658
CABARRUS__NC	16284	32704	49381
CALDWELL__NC	8588	17337	26115
CAMDEN__NC	1187	1628	2831
CARTERET__NC	8839	17381	26461
CASWELL__NC	4091	4270	8422
CATAWBA__NC	16246	34244	50841
CHATHAM__NC	10461	10248	20931
CHEROKEE__NC	3239	6305	9674
CHOWAN__NC	2430	2415	4890
CLAY__NC	1361	2416	3852
CLEVELAND__NC	13455	19064	32746
COLUMBUS__NC	9986	8342	18425
CRAVEN__NC	12213	19494	31985
CUMBERLAND__NC	38626	38129	77151
CURRITUCK__NC	2595	4095	6739
DARE__NC	5589	7301	13002
DAVIDSON__NC	16199	35387	52047
DAVIE__NC	3651	10184	13998
DUPLIN__NC	6475	7840	14390
DURHAM__NC	53907	30150	84604
EDGECOMBE__NC	11315	6836	18202
FORSYTH__NC	52457	67700	120942
FRANKLIN__NC	7454	8501	16051
GASTON__NC	19281	39453	59179
GATES__NC	1944	1480	3446
GRAHAM__NC	1006	2304	3361
GRANVILLE__NC	7733	7364	15194
GREENE__NC	2478	3353	5870
GUILFORD__NC	80787	84394	166264
HALIFAX__NC	10222	6698	16970
HARNETT__NC	9155	14762	24167
HAYWOOD__NC	9793	12118	22273
HENDERSON__NC	12562	25688	38607
HERTFORD__NC	5484	2382	7897
HOKE__NC	5017	3439	8582
HYDE__NC	1088	1132	2237
IREDELL__NC	15434	29853	45586
JACKSON__NC	5722	6237	12121
JOHNSTON__NC	13704	27212	41155
JONES__NC	1822	2114	3964
LEE__NC	6785	9406	16283
LENOIR__NC	9527	11512	21163
LINCOLN__NC	8412	15951	24529
MCDOWELL__NC	4747	9109	14011
MACON__NC	4683	8406	13234
MADISON__NC	3505	4676	8325
MARTIN__NC	4929	4420	9366
MECKLENBURG__NC	126911	134068	263036
MITCHELL__NC	1535	4984	6600
MONTGOMERY__NC	3979	4946	8974
MOORE__NC	11232	19882	31301
NASH__NC	12376	17995	30513
NEW_HANOVER__NC	29292	36503	66319
NORTHAMPTON__NC	5513	2667	8200
ONSLOW__NC	10269	19657	30215
ORANGE__NC	30921	17930	49344
PAMLICO__NC	2188	2999	5242
PASQUOTANK__NC	5874	4943	10903
PENDER__NC	6415	7661	14154
PERQUIMANS__NC	2033	2230	4306
PERSON__NC	5042	6722	11833
PITT__NC	19685	23192	43075
POLK__NC	3114	5074	8303
RANDOLPH__NC	11366	30959	42696
RICHMOND__NC	7935	6263	14269
ROBESON__NC	17834	11721	29747
ROCKINGHAM__NC	13260	18979	32528
ROWAN__NC	14891	28922	44133
RUTHERFORD__NC	7697	13755	21716
SAMPSON__NC	8768	10410	19239
SCOTLAND__NC	5627	3740	9403
STANLY__NC	7066	15548	22818
STOKES__NC	5030	12028	17182
SURRY__NC	7757	15401	23358
SWAIN__NC	2097	2224	4370
TRANSYLVANIA__NC	5044	9011	14225
TYRRELL__NC	849	706	1566
UNION__NC	14890	31876	47161
VANCE__NC	7092	5564	12701
WAKE__NC	123466	142494	268220
WARREN__NC	4576	2202	6795
WASHINGTON__NC	2704	2169	4890
WATAUGA__NC	7959	10438	18723
WAYNE__NC	13005	20758	33884
WILKES__NC	7226	16826	24323
WILSON__NC	11266	13466	24826
YADKIN__NC	3127	10435	13682
YANCEY__NC	3714	4970	8764
ADAMS__ND	286	826	1160
BARNES__ND	1933	3452	5748
BENSON__ND	952	1055	2154
BILLINGS__ND	82	394	525
BOTTINEAU__ND	1173	2349	3690
BOWMAN__ND	330	1080	1471
BURKE__ND	296	698	1039
BURLEIGH__ND	9842	22467	34482
CASS__ND	21451	33536	58995
CAVALIER__ND	618	1513	2371
DICKEY__ND	806	1853	2786
DIVIDE__ND	306	443	794
DUNN__ND	474	1124	1728
EDDY__ND	458	703	1268
EMMONS__ND	405	1430	1992
FOSTER__ND	474	1172	1743
GOLDEN_VALLEY__ND	156	611	812
GRAND_FORKS__ND	10593	15875	28385
GRANT__ND	235	1077	1427
GRIGGS__ND	484	920	1469
HETTINGER__ND	353	1057	1519
KIDDER__ND	283	837	1276
LAMOURE__ND	689	1590	2468
LOGAN__ND	223	812	1145
MCHENRY__ND	888	1682	2737
MCINTOSH__ND	350	1178	1637
MCKENZIE__ND	653	1634	2364
MCLEAN__ND	1465	2891	4646
MERCER__ND	1011	2984	4353
MORTON__ND	3439	6993	11223
MOUNTRAIL__ND	1256	1466	2896
NELSON__ND	687	1031	1840
OLIVER__ND	244	709	1051
PEMBINA__ND	1093	2430	3779
PIERCE__ND	500	1348	1971
RAMSEY__ND	1658	3005	4977
RANSOM__ND	1080	1488	2719
RENVILLE__ND	443	820	1332
RICHLAND__ND	2490	4999	8015
ROLETTE__ND	2681	1416	4398
SARGENT__ND	959	1103	2184
SHERIDAN__ND	161	707	928
SIOUX__ND	724	269	1041
SLOPE__ND	85	316	442
STARK__ND	2784	6387	9777
STEELE__ND	475	655	1210
STUTSMAN__ND	3067	5488	9118
TOWNER__ND	410	694	1189
TRAILL__ND	1512	2392	4112
WALSH__ND	1743	3099	5182
WARD__ND	7533	13997	22482
WELLS__ND	661	1610	2410
WILLIAMS__ND	2330	5187	7807
ADAMS__OH	3581	6380	10235
ALLEN__OH	13996	28647	43795
ASHLAND__OH	6685	13533	21258
ASHTABULA__OH	19831	17940	39472
ATHENS__OH	13158	9703	25447
AUGLAIZE__OH	5564	13770	19892
BELMONT__OH	15980	12625	30141
BROWN__OH	5972	10027	16429
BUTLER__OH	46390	86587	136737
CARROLL__OH	4960	6732	12261
CHAMPAIGN__OH	5955	9220	15680
CLARK__OH	27984	27660	57559
CLERMONT__OH	20927	47129	69877
CLINTON__OH	4791	9824	15070
COLUMBIANA__OH	20657	21804	44427
COSHOCTON__OH	5594	8243	14268
CRAWFORD__OH	6721	11666	19176
CUYAHOGA__OH	359913	192099	574782
DARKE__OH	7741	14817	23267
DEFIANCE__OH	6175	9540	16242
DELAWARE__OH	17134	36639	55403
ERIE__OH	17732	16105	35015
FAIRFIELD__OH	19065	33523	54094
FAYETTE__OH	3363	5685	9278
FRANKLIN__OH	202018	197862	414074
FULTON__OH	6805	11546	18896
GALLIA__OH	4872	7511	12776
GEAUGA__OH	15327	25417	42600
GREENE__OH	25059	37946	65204
GUERNSEY__OH	6643	8181	15430
HAMILTON__OH	161578	204175	377899
HANCOCK__OH	8798	20985	30617
HARDIN__OH	4557	7124	12068
HARRISON__OH	3351	3417	7161
HENRY__OH	4367	8530	13252
HIGHLAND__OH	5328	9728	15447
HOCKING__OH	4474	5702	10756
HOLMES__OH	2066	6754	9145
HURON__OH	8183	12286	21360
JACKSON__OH	5131	6958	12490
JEFFERSON__OH	17488	15038	34636
KNOX__OH	7133	13393	21260
LAKE__OH	46497	51747	102564
LAWRENCE__OH	11307	12531	24452
LICKING__OH	23196	37180	62466
LOGAN__OH	5945	11849	18455
LORAIN__OH	59809	47957	112180
LUCAS__OH	108344	73342	187350
MADISON__OH	5287	8892	14667
MAHONING__OH	69212	40460	114119
MARION__OH	10370	13617	24815
MEDINA__OH	26635	37349	66883
MEIGS__OH	3674	5750	9795
MERCER__OH	5212	12485	18294
MIAMI__OH	15584	26037	42841
MONROE__OH	3605	3145	7115
MONTGOMERY__OH	114597	109792	230987
MORGAN__OH	2261	3451	5993
MORROW__OH	4529	7842	12839
MUSKINGUM__OH	13415	17995	32624
NOBLE__OH	2296	3435	5988
OTTAWA__OH	9485	9917	19968
PAULDING__OH	3384	5210	8946
PERRY__OH	5895	6440	12828
PICKAWAY__OH	6598	10717	17740
PIKE__OH	4923	5333	10560
PORTAGE__OH	31446	28271	62899
PREBLE__OH	6375	11176	18166
PUTNAM__OH	4063	12837	17344
RICHLAND__OH	20572	30138	52779
ROSS__OH	11662	13706	26016
SANDUSKY__OH	11146	13699	25744
SCIOTO__OH	13997	15022	29945
SENECA__OH	9512	13863	24351
SHELBY__OH	6593	12476	19670
STARK__OH	75308	78153	159844
SUMMIT__OH	119759	96721	224839
TRUMBULL__OH	57643	34654	96239
TUSCARAWAS__OH	15879	19549	37118
UNION__OH	5040	11502	17024
VAN_WERT__OH	4209	8679	13219
VINTON__OH	2037	2720	4946
WARREN__OH	19142	48318	69078
WASHINGTON__OH	10383	15342	26515
WAYNE__OH	14779	25901	42436
WILLIAMS__OH	5454	9941	15919
WOOD__OH	22687	27504	52194
WYANDOT__OH	3397	6113	9827
ADAIR__OK	2361	3503	5977
ALFALFA__OK	583	1886	2507
ATOKA__OK	1906	2375	4324
BEAVER__OK	339	2092	2456
BECKHAM__OK	2408	4067	6532
BLAINE__OK	1402	2633	4094
BRYAN__OK	5554	6084	11746
CADDO__OK	4272	4835	9210
CANADIAN__OK	8367	22679	31360
CARTER__OK	6659	9667	16458
CHEROKEE__OK	7256	6918	14468
CHOCTAW__OK	2799	2461	5315
CIMARRON__OK	227	1230	1484
CLEVELAND__OK	27792	47393	76171
COAL__OK	1148	1196	2362
COMANCHE__OK	11971	17103	29333
COTTON__OK	1068	1388	2482
CRAIG__OK	2568	2815	5484
CREEK__OK	9753	13580	23741
CUSTER__OK	3115	6527	9743
DELAWARE__OK	5514	7618	13353
DEWEY__OK	599	1607	2220
ELLIS__OK	468	1513	2013
GARFIELD__OK	6543	14902	21683
GARVIN__OK	4189	5536	9843
GRADY__OK	6037	10040	16276
GRANT__OK	709	1762	2503
GREER__OK	839	1287	2152
HARMON__OK	507	692	1205
HARPER__OK	374	1296	1683
HASKELL__OK	2510	2039	4628
HUGHES__OK	2334	2196	4585
JACKSON__OK	2515	5591	8159
JEFFERSON__OK	1245	1320	2593
JOHNSTON__OK	1809	2072	3930
KAY__OK	6122	11768	18162
KINGFISHER__OK	1304	4693	6056
KIOWA__OK	1544	2173	3750
LATIMER__OK	1865	1739	3669
LE_FLORE__OK	6536	8215	14985
LINCOLN__OK	4140	7387	11701
LOGAN__OK	4510	8187	12870
LOVE__OK	1530	1807	3372
MCCLAIN__OK	3679	6750	10539
MCCURTAIN__OK	3752	6601	10482
MCINTOSH__OK	4206	3444	7781
MAJOR__OK	635	2672	3352
MARSHALL__OK	2210	2641	4900
MAYES__OK	6618	7132	14001
MURRAY__OK	2263	2609	4922
MUSKOGEE__OK	12520	11820	24693
NOBLE__OK	1416	3230	4697
NOWATA__OK	1703	2069	3849
OKFUSKEE__OK	1814	1910	3788
OKLAHOMA__OK	81590	139078	223111
OKMULGEE__OK	7186	5797	13178
OSAGE__OK	7540	8138	15909
OTTAWA__OK	5647	5625	11411
PAWNEE__OK	2435	3386	5925
PAYNE__OK	9319	15256	24947
PITTSBURG__OK	7627	8514	16357
PONTOTOC__OK	5387	7299	12836
POTTAWATOMIE__OK	8763	13235	22316
PUSHMATAHA__OK	1969	2331	4348
ROGER_MILLS__OK	441	1234	1687
ROGERS__OK	10813	17713	28951
SEMINOLE__OK	3783	4011	7866
SEQUOYAH__OK	5425	6614	12254
STEPHENS__OK	6467	10860	17488
TEXAS__OK	1084	4964	6088
TILLMAN__OK	1400	1920	3349
TULSA__OK	81656	134152	218691
WAGONER__OK	8244	12981	21517
WASHINGTON__OK	6644	13788	20744
WASHITA__OK	1564	2850	4468
WOODS__OK	1235	2774	4046
WOODWARD__OK	1950	5067	7100
BAKER__OR	2195	5618	8258
BENTON__OR	19444	15825	38226
CLACKAMAS__OR	76421	77539	162262
CLATSOP__OR	8296	6950	16474
COLUMBIA__OR	10331	9369	21195
COOS__OR	11610	15626	29379
CROOK__OR	2474	5363	8277
CURRY__OR	4090	6551	11513
DESCHUTES__OR	22061	32132	57885
DOUGLAS__OR	14193	30294	47220
GILLIAM__OR	359	679	1090
GRANT__OR	589	3078	3846
HARNEY__OR	766	2799	3734
HOOD_RIVER__OR	4072	3721	8549
JACKSON__OR	33153	46052	84796
JEFFERSON__OR	2681	3838	6897
JOSEPHINE__OR	11864	22186	36733
KLAMATH__OR	7541	18855	27844
LAKE__OR	707	2830	3729
LANE__OR	78583	61578	152188
LINCOLN__OR	10861	8446	21118
LINN__OR	16682	25359	44388
MALHEUR__OR	2336	7624	10404
MARION__OR	49430	57443	113334
MORROW__OR	1197	2224	3609
MULTNOMAH__OR	188441	83677	296685
POLK__OR	11921	14988	28449
SHERMAN__OR	326	679	1062
TILLAMOOK__OR	5762	5775	12376
UMATILLA__OR	7809	14140	23060
UNION__OR	3577	7836	12076
WALLOWA__OR	836	3279	4294
WASCO__OR	4616	5356	10664
WASHINGTON__OR	90662	86091	185974
WHEELER__OR	202	584	841
YAMHILL__OR	14254	19193	35539
ADAMS__PA	11682	20848	33433
ALLEGHENY__PA	329963	235361	582478
ARMSTRONG__PA	11127	15508	27423
BEAVER__PA	38925	32491	73593
BEDFORD__PA	5474	13598	19435
BERKS__PA	59150	71273	135163
BLAIR__PA	15774	28376	45140
BRADFORD__PA	7911	14660	23330
BUCKS__PA	132914	121927	263422
BUTLER__PA	25037	44009	70824
CAMBRIA__PA	30308	28001	60286
CAMERON__PA	779	1383	2246
CARBON__PA	10668	9717	21277
CENTRE__PA	21409	26172	49538
CHESTER__PA	82047	100080	187562
CLARION__PA	5605	9796	15843
CLEARFIELD__PA	11718	18019	30609
CLINTON__PA	5521	6064	11994
COLUMBIA__PA	8975	12095	21894
CRAWFORD__PA	13250	18858	33321
CUMBERLAND__PA	31053	54802	88062
DAUPHIN__PA	44390	53631	100658
DELAWARE__PA	134861	105836	248077
ELK__PA	5754	7347	13578
ERIE__PA	59399	49027	112335
FAYETTE__PA	28152	20013	49532
FOREST__PA	843	1371	2283
FRANKLIN__PA	14922	33042	48969
FULTON__PA	1425	3753	5285
GREENE__PA	7230	5890	13634
HUNTINGDON__PA	5073	10408	15957
INDIANA__PA	13667	16799	31401
JEFFERSON__PA	5566	11473	17574
JUNIATA__PA	2656	5795	8667
LACKAWANNA__PA	57471	35096	96381
LANCASTER__PA	54968	115900	175317
LAWRENCE__PA	20593	18060	39640
LEBANON__PA	16093	28534	45880
LEHIGH__PA	56667	55492	116280
LUZERNE__PA	62199	52328	119586
LYCOMING__PA	14663	27137	43183
MCKEAN__PA	5510	9661	15804
MERCER__PA	23817	23132	48725
MIFFLIN__PA	4835	9400	14614
MONROE__PA	21939	23265	46878
MONTGOMERY__PA	177990	145623	332422
MONTOUR__PA	2356	3960	6492
NORTHAMPTON__PA	53097	47396	104690
NORTHUMBERLAND__PA	13670	18142	33251
PERRY__PA	4459	11184	16071
PHILADELPHIA__PA	449182	100959	561180
PIKE__PA	7330	9339	17364
POTTER__PA	2037	4858	7090
SCHUYLKILL__PA	26215	29841	58300
SNYDER__PA	3536	8963	12841
SOMERSET__PA	12028	20218	32985
SULLIVAN__PA	1066	1928	3105
SUSQUEHANNA__PA	6481	10226	17271
TIOGA__PA	4617	9635	14772
UNION__PA	4209	8523	13175
VENANGO__PA	8196	11642	20523
WARREN__PA	7537	9290	17541
WASHINGTON__PA	44961	37339	84441
WAYNE__PA	6904	11201	18914
WESTMORELAND__PA	71792	80858	156709
WYOMING__PA	4363	6922	11693
YORK__PA	51958	87652	144244
BRISTOL__RI	13424	8375	23272
KENT__RI	43265	25291	73470
NEWPORT__RI	20790	14258	37838
PROVIDENCE__RI	142469	61378	218308
WASHINGTON__RI	29560	21253	56224
ABBEVILLE__SC	3766	4450	8374
AIKEN__SC	16409	33203	50782
ALLENDALE__SC	2338	967	3340
ANDERSON__SC	19606	35827	56681
BAMBERG__SC	3451	2047	5551
BARNWELL__SC	3661	4521	8276
BEAUFORT__SC	17487	25561	44148
BERKELEY__SC	17707	24796	43316
CALHOUN__SC	3063	3216	6373
CHARLESTON__SC	49520	58229	111476
CHEROKEE__SC	6138	9900	16323
CHESTER__SC	5242	4986	10432
CHESTERFIELD__SC	6111	6266	12526
CLARENDON__SC	5999	5186	11290
COLLETON__SC	6449	6767	13390
DARLINGTON__SC	10253	11290	21863
DILLON__SC	4930	3975	8990
DORCHESTER__SC	12168	20734	33641
EDGEFIELD__SC	3950	4760	8834
FAIRFIELD__SC	5263	3011	8398
FLORENCE__SC	17157	23678	41437
GEORGETOWN__SC	9445	10535	20351
GREENVILLE__SC	43810	92714	140293
GREENWOOD__SC	8139	12193	20860
HAMPTON__SC	4896	2798	7759
HORRY__SC	29113	40300	71265
JASPER__SC	3646	2414	6469
KERSHAW__SC	7428	11911	19677
LANCASTER__SC	8782	11676	20705
LAURENS__SC	7920	12102	20410
LEE__SC	3899	2675	6642
LEXINGTON__SC	22830	58095	83081
MCCORMICK__SC	1896	1704	3661
MARION__SC	7358	4687	12149
MARLBORO__SC	5060	2699	7883
NEWBERRY__SC	4428	7492	12372
OCONEE__SC	7571	15364	23575
ORANGEBURG__SC	19802	12657	32734
PICKENS__SC	8927	24681	34582
RICHLAND__SC	63179	50164	116481
SALUDA__SC	2682	4098	6891
SPARTANBURG__SC	29559	52114	83553
SUMTER__SC	14365	15915	30672
UNION__SC	4662	5768	10589
WILLIAMSBURG__SC	6723	4524	11331
YORK__SC	19251	33776	54351
AURORA__SD	513	847	1413
BEADLE__SD	3216	4347	7739
BENNETT__SD	377	712	1116
BON_HOMME__SD	1162	1901	3139
BROOKINGS__SD	4546	6212	10984
BROWN__SD	7173	9060	16556
BRULE__SD	818	1268	2167
BUFFALO__SD	256	140	408
BUTTE__SD	840	2760	3689
CAMPBELL__SD	147	739	917
CHARLES_MIX__SD	1300	2205	3579
CLARK__SD	791	1272	2108
CLAY__SD	2638	2363	5105
CODINGTON__SD	4192	6718	11138
CORSON__SD	549	629	1243
CUSTER__SD	955	2495	3573
DAVISON__SD	2936	4445	7528
DAY__SD	1492	1623	3197
DEUEL__SD	926	1245	2224
DEWEY__SD	880	761	1681
DOUGLAS__SD	363	1311	1709
EDMUNDS__SD	676	1257	1986
FALL_RIVER__SD	1133	2185	3429
FAULK__SD	388	904	1329
GRANT__SD	1475	2235	3830
GREGORY__SD	718	1487	2257
HAAKON__SD	164	938	1129
HAMLIN__SD	923	1731	2723
HAND__SD	565	1419	2031
HANSON__SD	457	944	1421
HARDING__SD	64	650	731
HUGHES__SD	2212	5188	7534
HUTCHINSON__SD	1052	2497	3625
HYDE__SD	218	592	835
JACKSON__SD	319	687	1040
JERAULD__SD	468	624	1122
JONES__SD	137	509	664
KINGSBURY__SD	1049	1612	2727
LAKE__SD	2331	2724	5154
LAWRENCE__SD	2797	6327	9406
LINCOLN__SD	3844	6546	10556
LYMAN__SD	482	875	1386
MCCOOK__SD	965	1610	2631
MCPHERSON__SD	295	1073	1417
MARSHALL__SD	939	1097	2079
MEADE__SD	2267	6870	9366
MELLETTE__SD	222	495	733
MINER__SD	523	724	1266
MINNEHAHA__SD	27042	33428	61369
MOODY__SD	1318	1361	2735
PENNINGTON__SD	11123	24696	36557
PERKINS__SD	297	1237	1614
POTTER__SD	356	1112	1494
ROBERTS__SD	1700	2237	4074
SANBORN__SD	468	767	1268
OGLALA_LAKOTA__SD	1667	252	1953
SPINK__SD	1274	1957	3284
STANLEY__SD	402	955	1381
SULLY__SD	209	633	871
TODD__SD	993	478	1494
TRIPP__SD	799	1909	2765
TURNER__SD	1414	2514	4004
UNION__SD	2358	3265	5772
WALWORTH__SD	721	1758	2553
YANKTON__SD	3596	4904	8740
ZIEBACH__SD	314	384	721
ANDERSON__TN	13556	14688	28779
BEDFORD__TN	6136	5911	12207
BENTON__TN	3700	2484	6311
BLEDSOE__TN	1756	2380	4196
BLOUNT__TN	14688	25273	40662
BRADLEY__TN	8768	20167	29443
CAMPBELL__TN	6492	5784	12421
CANNON__TN	2697	1924	4697
CARROLL__TN	5239	5465	10827
CARTER__TN	6724	12111	19102
CHEATHAM__TN	6062	6356	12616
CHESTER__TN	2192	3487	5728
CLAIBORNE__TN	3841	5023	9000
CLAY__TN	1931	1468	3442
COCKE__TN	3872	6185	10239
COFFEE__TN	8741	8788	17788
CROCKETT__TN	2705	2676	5440
CUMBERLAND__TN	7644	10994	19017
DAVIDSON__TN	120508	84117	208588
DECATUR__TN	2278	2046	4370
DEKALB__TN	3765	2411	6265
DICKSON__TN	8332	7016	15556
DYER__TN	5425	6282	11841
FAYETTE__TN	5037	6402	11529
FENTRESS__TN	2529	3417	6029
FRANKLIN__TN	7828	6560	14691
GIBSON__TN	8663	8286	17137
GILES__TN	5527	4377	10066
GRAINGER__TN	2361	3746	6194
GREENE__TN	7909	12540	20816
GRUNDY__TN	2970	1553	4596
HAMBLEN__TN	7564	11824	19699
HAMILTON__TN	51708	66605	120379
HANCOCK__TN	690	1343	2075
HARDEMAN__TN	4953	3729	8803
HARDIN__TN	3735	4951	8782
HAWKINS__TN	6753	10071	17098
HAYWOOD__TN	3887	2554	6478
HENDERSON__TN	3166	5153	8399
HENRY__TN	6093	5944	12309
HICKMAN__TN	4239	2914	7264
HOUSTON__TN	2081	993	3127
HUMPHREYS__TN	4205	2387	6681
JACKSON__TN	3304	1384	4754
JEFFERSON__TN	5226	8657	14087
JOHNSON__TN	1813	3740	5657
KNOX__TN	60969	86851	150586
LAKE__TN	1419	781	2224
LAUDERDALE__TN	4224	3329	7618
LAWRENCE__TN	6643	7613	14470
LEWIS__TN	2281	2037	4420
LINCOLN__TN	5060	5435	10659
LOUDON__TN	5905	10266	16406
MCMINN__TN	6142	10155	16600
MCNAIRY__TN	4003	4897	8989
MACON__TN	3059	3366	6491
MADISON__TN	15781	17862	33930
MARION__TN	5441	4651	10250
MARSHALL__TN	5107	4105	9359
MAURY__TN	11127	11930	23400
MEIGS__TN	1555	1797	3390
MONROE__TN	5327	7514	13003
MONTGOMERY__TN	18818	19644	39044
MOORE__TN	1107	1145	2301
MORGAN__TN	2921	3144	6162
OBION__TN	6056	6168	12440
OVERTON__TN	4507	2875	7496
PERRY__TN	1650	1165	2866
PICKETT__TN	939	1281	2239
POLK__TN	2574	2907	5594
PUTNAM__TN	10785	11248	22438
RHEA__TN	3722	5900	9772
ROANE__TN	9575	11345	21326
ROBERTSON__TN	10249	9675	20164
RUTHERFORD__TN	27360	33445	62182
SCOTT__TN	2967	3579	6615
SEQUATCHIE__TN	1648	2169	3887
SEVIER__TN	8208	16734	25365
SHELBY__TN	190404	141756	336755
SMITH__TN	4884	2384	7348
STEWART__TN	2870	1826	4782
SULLIVAN__TN	21354	33482	55727
SUMNER__TN	22118	27601	50477
TIPTON__TN	6300	10070	16552
TROUSDALE__TN	1966	950	2945
UNICOI__TN	2566	3780	6429
UNION__TN	2564	3199	5821
VAN_BUREN__TN	1255	845	2131
WARREN__TN	7378	5552	13131
WASHINGTON__TN	14769	22579	37942
WAYNE__TN	1859	3370	5306
WEAKLEY__TN	5570	6106	11844
WHITE__TN	4135	3525	7775
WILLIAMSON__TN	18745	38901	58429
WILSON__TN	16561	18844	35916
ANDERSON__TX	5041	9835	15080
ANDREWS__TX	876	3091	4024
ANGELINA__TX	9957	16648	26974
ARANSAS__TX	2637	5390	8247
ARCHER__TX	993	2951	3997
ARMSTRONG__TX	150	772	938
ATASCOSA__TX	4322	6231	10746
AUSTIN__TX	2407	6661	9227
BAILEY__TX	488	1589	2090
BANDERA__TX	1426	5613	7273
BASTROP__TX	6973	10310	18308
BAYLOR__TX	663	1285	1984
BEE__TX	3795	4429	8330
BELL__TX	21011	41208	63291
BEXAR__TX	185158	215613	412726
BLANCO__TX	811	2777	3767
BORDEN__TX	62	283	353
BOSQUE__TX	1930	4745	6770
BOWIE__TX	11662	18325	30320
BRAZORIA__TX	24883	53445	80019
BRAZOS__TX	12359	32864	46941
BREWSTER__TX	1349	1867	3580
BRISCOE__TX	224	544	772
BROOKS__TX	1854	556	2431
BROWN__TX	3138	9609	12920
BURLESON__TX	2235	3542	5866
BURNET__TX	3557	9286	13232
CALDWELL__TX	3872	5216	9425
CALHOUN__TX	2766	3724	6563
CALLAHAN__TX	1174	3656	4896
CAMERON__TX	33214	27800	62057
CAMP__TX	1625	2121	3784
CARSON__TX	480	2216	2742
CASS__TX	4618	6295	11019
CASTRO__TX	727	1607	2354
CHAMBERS__TX	2888	6769	9806
CHEROKEE__TX	4755	9599	14537
CHILDRESS__TX	602	1506	2126
CLAY__TX	1460	3112	4637
COCHRAN__TX	344	807	1171
COKE__TX	355	1137	1515
COLEMAN__TX	853	2687	3578
COLLIN__TX	42884	128179	175420
COLLINGSWORTH__TX	429	974	1415
COLORADO__TX	2229	4913	7249
COMAL__TX	7131	24599	32748
COMANCHE__TX	1636	3334	5022
CONCHO__TX	268	818	1103
COOKE__TX	3153	10128	13469
CORYELL__TX	4493	10321	15087
COTTLE__TX	241	502	757
CRANE__TX	387	1246	1654
CROCKETT__TX	467	924	1398
CROSBY__TX	705	1270	2002
CULBERSON__TX	577	413	1012
DALLAM__TX	341	1385	1744
DALLAS__TX	275308	322345	613039
DAWSON__TX	1463	3337	4839
DEAF_SMITH__TX	1240	3687	4984
DELTA__TX	726	1143	1900
DENTON__TX	40144	102171	146790
DEWITT__TX	1570	4541	6183
DICKENS__TX	284	589	881
DIMMIT__TX	2678	1032	3753
DONLEY__TX	360	1333	1719
DUVAL__TX	3990	1010	5030
EASTLAND__TX	1774	4531	6414
ECTOR__TX	9425	22893	32901
EDWARDS__TX	261	663	937
ELLIS__TX	10629	26091	37307
EL_PASO__TX	83848	57574	145042
ERATH__TX	2804	8126	11115
FALLS__TX	2417	3239	5715
FANNIN__TX	4102	6074	10340
FAYETTE__TX	2542	6658	9387
FISHER__TX	884	968	1872
FLOYD__TX	580	1830	2420
FOARD__TX	263	286	556
FORT_BEND__TX	47569	73567	123509
FRANKLIN__TX	1018	2420	3472
FREESTONE__TX	2316	4247	6641
FRIO__TX	2317	1774	4128
GAINES__TX	723	2691	3459
GALVESTON__TX	40020	50397	92983
GARZA__TX	454	1302	1770
GILLESPIE__TX	1511	8096	9920
GLASSCOCK__TX	39	528	571
GOLIAD__TX	1233	2108	3392
GONZALES__TX	1877	4092	6069
GRAY__TX	1376	6732	8185
GRAYSON__TX	13647	25596	39940
GREGG__TX	11244	26739	38433
GRIMES__TX	2450	4197	6802
GUADALUPE__TX	8311	21499	30567
HALE__TX	2158	6868	9110
HALL__TX	472	966	1446
HAMILTON__TX	878	2447	3376
HANSFORD__TX	198	1874	2088
HARDEMAN__TX	566	976	1557
HARDIN__TX	5595	11962	17836
HARRIS__TX	418267	529159	974822
HARRISON__TX	8878	13834	22970
HARTLEY__TX	359	1645	2031
HASKELL__TX	1401	1488	2927
HAYS__TX	11387	20170	34317
HEMPHILL__TX	251	1203	1474
HENDERSON__TX	8704	16607	25627
HIDALGO__TX	61390	38301	101050
HILL__TX	3524	7054	10735
HOCKLEY__TX	1419	5250	6745
HOOD__TX	4704	12429	17505
HOPKINS__TX	3692	7076	10910
HOUSTON__TX	2833	5308	8236
HOWARD__TX	2744	6668	9548
HUDSPETH__TX	380	514	922
HUNT__TX	7857	16177	24466
HUTCHINSON__TX	1796	7443	9351
IRION__TX	162	624	793
JACK__TX	822	2107	2974
JACKSON__TX	1446	3365	4856
JASPER__TX	4533	7071	11742
JEFF_DAVIS__TX	283	708	1060
JEFFERSON__TX	45409	40320	86909
JIM_HOGG__TX	1512	623	2157
JIM_WELLS__TX	7418	4498	12023
JOHNSON__TX	11778	26202	38726
JONES__TX	1899	4080	6048
KARNES__TX	1617	2638	4308
KAUFMAN__TX	7455	15290	23063
KENDALL__TX	1901	8788	11073
KENEDY__TX	119	106	228
KENT__TX	185	346	536
KERR__TX	4002	14637	19228
KIMBLE__TX	328	1313	1666
KING__TX	14	120	137
KINNEY__TX	486	932	1444
KLEBERG__TX	4481	4526	9194
KNOX__TX	617	947	1576
LAMAR__TX	5553	9775	15430
LAMB__TX	1114	3451	4598
LAMPASAS__TX	1569	4526	6214
LA_SALLE__TX	1266	731	2014
LAVACA__TX	2171	5288	7546
LEE__TX	1733	3699	5536
LEON__TX	1893	4362	6326
LIBERTY__TX	7311	12458	20077
LIMESTONE__TX	2768	4212	7075
LIPSCOMB__TX	206	1072	1294
LIVE_OAK__TX	1114	2828	4004
LLANO__TX	2143	6295	8627
LOVING__TX	29	124	156
LUBBOCK__TX	18469	56054	76008
LYNN__TX	562	1507	2084
MCCULLOCH__TX	794	2084	2920
MCLENNAN__TX	23462	43955	68789
MCMULLEN__TX	77	358	439
MADISON__TX	1241	2333	3623
MARION__TX	1852	2039	3930
MARTIN__TX	415	1520	1949
MASON__TX	417	1352	1801
MATAGORDA__TX	4696	7584	12459
MAVERICK__TX	5995	3143	9229
MEDINA__TX	4025	8590	12873
MENARD__TX	334	642	990
MIDLAND__TX	7534	31514	39740
MILAM__TX	3429	4706	8269
MILLS__TX	548	1738	2314
MITCHELL__TX	837	1708	2574
MONTAGUE__TX	2256	4951	7330
MONTGOMERY__TX	23286	80600	106213
MOORE__TX	1040	4201	5290
MORRIS__TX	2455	2381	4889
MOTLEY__TX	118	514	642
NACOGDOCHES__TX	6204	13145	19799
NAVARRO__TX	5366	8358	13890
NEWTON__TX	2503	2423	4990
NOLAN__TX	1874	3337	5312
NUECES__TX	45349	49906	97326
OCHILTREE__TX	251	2687	2962
OLDHAM__TX	108	659	774
ORANGE__TX	11887	17325	29654
PALO_PINTO__TX	3263	5690	9118
PANOLA__TX	3011	5975	9074
PARKER__TX	8878	23651	33225
PARMER__TX	447	2274	2744
PECOS__TX	1539	2700	4303
POLK__TX	6877	11746	18994
POTTER__TX	7242	17629	25376
PRESIDIO__TX	1064	618	1757
RAINS__TX	1225	2049	3333
RANDALL__TX	7209	33921	41790
REAGAN__TX	282	959	1255
REAL__TX	316	1146	1490
RED_RIVER__TX	2219	2941	5202
REEVES__TX	1872	1273	3176
REFUGIO__TX	1172	1721	2921
ROBERTS__TX	72	472	549
ROBERTSON__TX	3283	3007	6369
ROCKWALL__TX	3642	13666	17652
RUNNELS__TX	969	3020	4046
RUSK__TX	4841	11611	16633
SABINE__TX	1753	2764	4591
SAN_AUGUSTINE__TX	1636	2116	3805
SAN_JACINTO__TX	2946	4623	7714
SAN_PATRICIO__TX	7840	10599	18699
SAN_SABA__TX	618	1691	2333
SCHLEICHER__TX	338	826	1173
SCURRY__TX	1193	4060	5326
SHACKELFORD__TX	264	1066	1347
SHELBY__TX	3227	5692	9005
SHERMAN__TX	144	998	1163
SMITH__TX	16470	43320	60624
SOMERVELL__TX	752	2120	2918
STARR__TX	6505	1911	8464
STEPHENS__TX	811	2425	3291
STERLING__TX	132	520	659
STONEWALL__TX	294	496	799
SUTTON__TX	468	1063	1540
SWISHER__TX	856	1612	2501
TARRANT__TX	173758	286921	472389
TAYLOR__TX	10504	31701	43020
TERRELL__TX	219	243	477
TERRY__TX	1108	2910	4054
THROCKMORTON__TX	228	608	842
TITUS__TX	3008	4995	8103
TOM_GREEN__TX	9288	24733	34626
TRAVIS__TX	125526	141235	301263
TRINITY__TX	2142	3093	5297
TYLER__TX	2775	4236	7116
UPSHUR__TX	4180	8448	12808
UPTON__TX	266	982	1273
UVALDE__TX	3436	4855	8420
VAL_VERDE__TX	5056	6223	11474
VAN_ZANDT__TX	5245	12383	17891
VICTORIA__TX	8176	18787	27408
WALKER__TX	4943	9076	14374
WALLER__TX	5046	5686	10858
WARD__TX	1256	2534	3874
WASHINGTON__TX	2996	8645	11809
WEBB__TX	18120	13076	31571
WHARTON__TX	4838	8455	13426
WHEELER__TX	579	1787	2389
WICHITA__TX	14108	27802	42713
WILBARGER__TX	1356	3138	4577
WILLACY__TX	3218	1789	5062
WILLIAMSON__TX	26591	65041	95935
WILSON__TX	3997	7509	11698
WINKLER__TX	556	1468	2043
WISE__TX	4830	11234	16368
WOOD__TX	3893	9810	13884
YOAKUM__TX	531	1911	2465
YOUNG__TX	1843	5022	6954
ZAPATA__TX	1638	953	2616
ZAVALA__TX	2616	751	3391
BEAVER__UT	541	1653	2252
BOX_ELDER__UT	2555	12288	15483
CACHE__UT	5170	25920	33142
CARBON__UT	3298	3758	7384
DAGGETT__UT	104	317	435
DAVIS__UT	18845	64375	87855
DUCHESNE__UT	779	3622	4546
EMERY__UT	958	3243	4398
GARFIELD__UT	178	1719	1968
GRAND__UT	1158	1822	3614
IRON__UT	1789	10106	12594
JUAB__UT	619	2023	2785
KANE__UT	387	2254	2802
MILLARD__UT	696	3850	4775
MORGAN__UT	553	2464	3171
PIUTE__UT	133	626	781
RICH__UT	152	736	903
SALT_LAKE__UT	107576	171585	307258
SAN_JUAN__UT	1838	2721	4744
SANPETE__UT	1211	5781	7430
SEVIER__UT	1046	5763	7077
SUMMIT__UT	4601	6168	12121
TOOELE__UT	4001	7807	12480
UINTAH__UT	1387	6733	8397
UTAH__UT	16445	98255	120256
WASATCH__UT	1476	3819	5675
WASHINGTON__UT	5465	25481	32461
WAYNE__UT	202	953	1225
WEBER__UT	19890	39254	62742
ADDISON__VT	8936	6953	17427
BENNINGTON__VT	9021	7284	17677
CALEDONIA__VT	5859	6746	13641
CHITTENDEN__VT	39156	26105	72017
ESSEX__VT	1129	1564	2892
FRANKLIN__VT	9514	8395	19194
GRAND_ISLE__VT	1835	1550	3638
LAMOILLE__VT	5676	4456	11246
ORANGE__VT	6694	6858	14695
ORLEANS__VT	5472	5799	12132
RUTLAND__VT	13990	13546	29362
WASHINGTON__VT	15281	11448	29749
WINDHAM__VT	11319	7358	21491
WINDSOR__VT	15140	11713	29147
ACCOMACK__VA	5092	6352	11925
ALBEMARLE__VA	16255	18291	36846
ALLEGHANY__VA	2214	2808	5123
AMELIA__VA	1754	2947	4788
AMHERST__VA	4812	6660	11712
APPOMATTOX__VA	2132	3654	5927
ARLINGTON__VA	50260	28555	83559
AUGUSTA__VA	6643	17744	25271
BATH__VA	822	1311	2210
BEDFORD_CO___VA	9238	18493	28590
BLAND__VA	851	1759	2688
BOTETOURT__VA	4627	8867	13840
BRUNSWICK__VA	3387	2561	5997
BUCHANAN__VA	5745	3867	9856
BUCKINGHAM__VA	2561	2738	5454
CAMPBELL__VA	6659	13162	20327
CAROLINE__VA	4314	3873	8351
CARROLL__VA	3638	7142	11001
CHARLES_CITY__VA	1981	1023	3066
CHARLOTTE__VA	2017	2855	4994
CHESTERFIELD__VA	38638	69924	110951
CLARKE__VA	2166	2883	5284
CRAIG__VA	851	1580	2493
CULPEPER__VA	4364	7440	12244
CUMBERLAND__VA	1405	1974	3507
DICKENSON__VA	3951	3122	7226
DINWIDDIE__VA	4001	4959	9136
ESSEX__VA	1750	1995	3831
FAIRFAX_CO___VA	196501	202181	413775
FAUQUIER__VA	8296	14456	23481
FLOYD__VA	1957	3423	5739
FLUVANNA__VA	3431	4962	8706
FRANKLIN_CO___VA	7145	11225	18829
FREDERICK__VA	7158	14574	22392
GILES__VA	3004	3574	6820
GLOUCESTER__VA	4553	8718	13699
GOOCHLAND__VA	3197	5378	8777
GRAYSON__VA	2467	4236	6852
GREENE__VA	1774	3375	5412
GREENSVILLE__VA	2314	1565	3906
HALIFAX__VA	5963	7732	14072
HANOVER__VA	12044	28614	41585
HENRICO__VA	48645	62887	114252
HENRY__VA	8898	11870	21463
HIGHLAND__VA	453	942	1437
ISLE_OF_WIGHT__VA	5162	7587	12950
JAMES_CITY__VA	9090	14628	24492
KING_AND_QUEEN__VA	1387	1423	2859
KING_GEORGE__VA	2070	3590	5852
KING_WILLIAM__VA	2125	3547	5769
LANCASTER__VA	1937	3411	5455
LEE__VA	4031	4551	8748
LOUDOUN__VA	30938	42453	75653
LOUISA__VA	4309	5461	10096
LUNENBURG__VA	2026	2510	4591
MADISON__VA	1844	2940	5027
MATHEWS__VA	1499	2951	4609
MECKLENBURG__VA	4797	6600	11654
MIDDLESEX__VA	1671	2844	4689
MONTGOMERY__VA	11720	13991	27160
NELSON__VA	2907	2913	6145
NEW_KENT__VA	2055	3934	6114
NORTHAMPTON__VA	2340	2299	4892
NORTHUMBERLAND__VA	2118	3362	5605
NOTTOWAY__VA	2460	2870	5492
ORANGE__VA	4126	5991	10483
PAGE__VA	2726	5089	7996
PATRICK__VA	2254	4901	7385
PITTSYLVANIA__VA	7834	15760	24255
POWHATAN__VA	2708	6820	9711
PRINCE_EDWARD__VA	2922	3214	6363
PRINCE_GEORGE__VA	4182	6579	10900
PRINCE_WILLIAM__VA	44745	52788	100511
PULASKI__VA	5255	7089	12697
RAPPAHANNOCK__VA	1462	1850	3513
RICHMOND_CO___VA	1076	1784	2949
ROANOKE_CO___VA	20502	30502	52373
ROCKBRIDGE__VA	2953	4522	7827
ROCKINGHAM__VA	5834	17482	23994
RUSSELL__VA	5442	5065	10792
SCOTT__VA	3552	5535	9335
SHENANDOAH__VA	4420	9636	14452
SMYTH__VA	4836	6580	11740
SOUTHAMPTON__VA	3359	3293	6714
SPOTSYLVANIA__VA	13455	20739	35021
STAFFORD__VA	12596	20731	34246
SURRY__VA	1845	1313	3230
SUSSEX__VA	2006	1745	3906
TAZEWELL__VA	7227	8655	16344
WARREN__VA	4313	6335	11166
WASHINGTON__VA	7549	12064	20222
WESTMORELAND__VA	2922	2932	6026
WISE__VA	6412	6504	13310
WYTHE__VA	3462	6539	10225
YORK__VA	8622	15312	24583
ALEXANDRIA__VA	33633	19043	55199
BRISTOL__VA	2646	3495	6279
BUENA_VISTA__VA	941	980	1975
CHARLOTTESVILLE__VA	7762	4034	13224
CHESAPEAKE__VA	33578	39684	74585
COLONIAL_HEIGHTS__VA	2100	5519	7782
COVINGTON__VA	1168	966	2214
DANVILLE__VA	8221	9427	18307
EMPORIA__VA	1116	938	2080
FALLS_CHURCH__VA	3109	2131	5593
FRANKLIN__VA	1763	1393	3191
FREDERICKSBURG__VA	3360	2935	6681
GALAX__VA	996	1160	2213
HAMPTON__VA	27490	19561	47887
HARRISONBURG__VA	3482	5741	9958
HOPEWELL__VA	3024	3749	6978
LEXINGTON__VA	1048	957	2140
LYNCHBURG__VA	10374	12518	23506
MANASSAS__VA	5262	6752	12410
MANASSAS_PARK__VA	1048	1460	2580
MARTINSVILLE__VA	3048	2560	5694
NEWPORT_NEWS__VA	29779	27006	57825
NORFOLK__VA	38221	21920	61946
NORTON__VA	867	639	1530
PETERSBURG__VA	8751	2109	11062
POQUOSON__VA	1448	4271	5861
PORTSMOUTH__VA	22286	12628	35455
RADFORD__VA	2063	2190	4448
RICHMOND__VA	42717	20265	65926
ROANOKE__VA	17920	14630	33442
SALEM__VA	4348	6188	10770
STAUNTON__VA	3324	4878	8514
SUFFOLK__VA	12471	11836	24661
VIRGINIA_BEACH__VA	62268	83674	149771
WAYNESBORO__VA	2737	4084	7102
WILLIAMSBURG__VA	1724	1777	3725
WINCHESTER__VA	3318	4314	7886
ADAMS__WA	1406	3440	4974
ASOTIN__WA	2736	4909	7985
BENTON__WA	19512	38367	59775
CHELAN__WA	8412	16980	26569
CLALLAM__WA	13779	16251	32230
CLARK__WA	61767	67219	135530
COLUMBIA__WA	515	1523	2106
COWLITZ__WA	18233	16873	36957
DOUGLAS__WA	3822	8512	12851
FERRY__WA	932	1896	3037
FRANKLIN__WA	4653	8594	13612
GARFIELD__WA	300	982	1329
GRANT__WA	7073	15830	23795
GRAYS_HARBOR__WA	13304	11225	25970
ISLAND__WA	14778	16408	33003
JEFFERSON__WA	8281	6095	15832
KING__WA	476700	273171	794078
KITSAP__WA	50302	46427	102857
KITTITAS__WA	5516	7727	14086
KLICKITAT__WA	3062	4557	8180
LEWIS__WA	9891	18565	29983
LINCOLN__WA	1417	3546	5196
MASON__WA	10876	10257	22479
OKANOGAN__WA	4335	9384	14796
PACIFIC__WA	4895	4042	9518
PEND_OREILLE__WA	1973	3076	5437
PIERCE__WA	138249	118431	268894
SAN_JUAN__WA	4426	3005	8424
SKAGIT__WA	20432	22163	45220
SKAMANIA__WA	1753	2151	4248
SNOHOMISH__WA	129612	109615	251305
SPOKANE__WA	74604	89299	172089
STEVENS__WA	5560	11299	17995
THURSTON__WA	50467	39924	97407
WAHKIAKUM__WA	803	1033	1971
WALLA_WALLA__WA	7188	13304	21362
WHATCOM__WA	34033	34287	73752
WHITMAN__WA	6509	9003	16234
YAKIMA__WA	25546	39494	67375
BARBOUR__WV	2503	3411	6051
BERKELEY__WV	8797	13619	23010
BOONE__WV	5656	3353	9141
BRAXTON__WV	2719	2529	5328
BROOKE__WV	4678	4195	9405
CABELL__WV	14896	16440	32216
CALHOUN__WV	1112	1425	2615
CLAY__WV	1617	1887	3582
DODDRIDGE__WV	773	1955	2816
FAYETTE__WV	8371	5897	14619
GILMER__WV	1092	1560	2740
GRANT__WV	891	3571	4534
GREENBRIER__WV	5627	6866	12808
HAMPSHIRE__WV	2069	3879	6097
HANCOCK__WV	6249	6458	13472
HARDY__WV	1621	2816	4514
HARRISON__WV	13009	12948	26578
JACKSON__WV	4937	6341	11518
JEFFERSON__WV	6860	7045	14378
KANAWHA__WV	38524	36809	76670
LEWIS__WV	2355	3606	6134
LINCOLN__WV	3939	3389	7464
LOGAN__WV	8927	5334	14439
MCDOWELL__WV	4845	2348	7303
MARION__WV	12315	9972	22873
MARSHALL__WV	6000	6859	13498
MASON__WV	4963	5972	11223
MERCER__WV	8347	10206	18875
MINERAL__WV	3341	6180	9782
MINGO__WV	6049	3866	10043
MONONGALIA__WV	12603	13595	27367
MONROE__WV	2094	2940	5139
MORGAN__WV	1939	3639	5772
NICHOLAS__WV	4059	4359	8579
OHIO__WV	7653	9607	17964
PENDLETON__WV	1172	1996	3221
PLEASANTS__WV	1267	1884	3208
POCAHONTAS__WV	1392	1970	3467
PRESTON__WV	3515	6607	10439
PUTNAM__WV	7891	12173	20426
RALEIGH__WV	11047	12587	24061
RANDOLPH__WV	4028	5248	9542
RITCHIE__WV	1024	2717	3812
ROANE__WV	2332	3172	5625
SUMMERS__WV	2299	2304	4713
TAYLOR__WV	2473	3124	5712
TUCKER__WV	1319	1935	3346
TYLER__WV	1214	2582	3928
UPSHUR__WV	2770	5165	8123
WAYNE__WV	7940	7993	16241
WEBSTER__WV	1764	1484	3308
WETZEL__WV	2849	3239	6288
WIRT__WV	818	1518	2382
WOOD__WV	12664	20428	33857
WYOMING__WV	4289	3473	7878
ADAMS__WI	4826	3920	9116
ASHLAND__WI	4356	3038	7890
BARRON__WI	8928	9848	19904
BAYFIELD__WI	4427	3266	8259
BROWN__WI	49096	54258	107769
BUFFALO__WI	3237	3038	6641
BURNETT__WI	3626	3967	8151
CALUMET__WI	8202	10837	19947
CHIPPEWA__WI	12102	12835	26173
CLARK__WI	5931	7461	14149
COLUMBIA__WI	12636	11987	25587
CRAWFORD__WI	4005	3024	7394
DANE__WI	142317	75790	232739
DODGE__WI	14580	21684	37701
DOOR__WI	6560	7810	15220
DOUGLAS__WI	13593	6930	21706
DUNN__WI	9172	8911	19330
EAU_CLAIRE__WI	24078	20921	47875
FLORENCE__WI	816	1528	2405
FOND_DU_LAC__WI	18181	26548	46589
FOREST__WI	2158	2404	4716
GRANT__WI	10691	10240	21956
GREEN__WI	7863	6790	15276
GREEN_LAKE__WI	3301	5451	9107
IOWA__WI	5842	4221	10541
IRON__WI	1620	1734	3507
JACKSON__WI	4380	3670	8417
JEFFERSON__WI	15203	19204	36099
JUNEAU__WI	4813	4910	10218
KENOSHA__WI	32429	28891	63709
KEWAUNEE__WI	4670	4883	10084
LA_CROSSE__WI	28455	24327	55559
LAFAYETTE__WI	3710	3336	7263
LANGLADE__WI	4199	5125	9721
LINCOLN__WI	6664	6727	14239
MANITOWOC__WI	17667	19358	38824
MARATHON__WI	26546	28883	58374
MARINETTE__WI	8676	10535	19921
MARQUETTE__WI	3437	3522	7194
MENOMINEE__WI	949	225	1233
MILWAUKEE__WI	252329	163491	433537
MONROE__WI	7460	8217	16335
OCONTO__WI	7260	8706	16596
ONEIDA__WI	8339	9512	18891
OUTAGAMIE__WI	32735	39460	75742
OZAUKEE__WI	15030	31155	47751
PEPIN__WI	1854	1631	3664
PIERCE__WI	8559	8169	17962
POLK__WI	8961	9557	19762
PORTAGE__WI	17942	13214	33760
PRICE__WI	3413	4136	7930
RACINE__WI	41563	44014	88865
RICHLAND__WI	3837	3994	8293
ROCK__WI	40472	27467	70404
RUSK__WI	3161	3758	7366
ST__CROIX__WI	13077	15240	29954
SAUK__WI	13035	11586	25653
SAWYER__WI	3333	3972	7767
SHAWANO__WI	7335	9548	17603
SHEBOYGAN__WI	23569	29648	55201
TAYLOR__WI	3254	5278	8992
TREMPEALEAU__WI	6678	5002	12168
VERNON__WI	6577	5684	13044
VILAS__WI	4706	6958	12322
WALWORTH__WI	15492	22982	40458
WASHBURN__WI	3695	3912	8045
WASHINGTON__WI	18115	41162	61412
WAUKESHA__WI	64319	133105	203734
WAUPACA__WI	8787	12980	22804
WAUSHARA__WI	4239	5571	10248
WINNEBAGO__WI	33983	38330	76080
WOOD__WI	15936	17803	35761
ALBANY__WY	5069	7814	14151
BIG_HORN__WY	1004	3720	4918
CAMPBELL__WY	1967	10203	12540
CARBON__WY	2206	4498	6968
CONVERSE__WY	1076	3919	5175
CROOK__WY	361	2289	2738
FREMONT__WY	4172	10560	15444
GOSHEN__WY	1439	3922	5520
HOT_SPRINGS__WY	544	1733	2352
JOHNSON__WY	555	2886	3550
LARAMIE__WY	12162	21797	35323
LINCOLN__WY	1184	5415	6845
NATRONA__WY	8646	18439	28388
NIOBRARA__WY	190	888	1127
PARK__WY	2424	9884	12836
PLATTE__WY	1249	2925	4373
SHERIDAN__WY	3330	8424	12236
SUBLETTE__WY	458	2624	3216
SWEETWATER__WY	5521	9425	15691
TETON__WY	4019	5454	10431
UINTA__WY	1650	5469	7418
WASHAKIE__WY	806	3138	4051
WESTON__WY	449	2521	3060
DISTRICT_1__AK	1284	4681	6656
DISTRICT_2__AK	2081	4235	7388
DISTRICT_3__AK	3693	3135	8225
DISTRICT_4__AK	2715	4127	7823
DISTRICT_5__AK	1931	3545	6437
DISTRICT_6__AK	1542	3862	6100
DISTRICT_7__AK	1893	4868	8677
DISTRICT_8__AK	1498	5371	7978
DISTRICT_9__AK	1203	4789	6800
DISTRICT_10__AK	2194	5673	8884
DISTRICT_11__AK	2043	3960	6980
DISTRICT_12__AK	2051	4626	7601
DISTRICT_13__AK	2661	3853	7943
DISTRICT_14__AK	1626	3750	5868
DISTRICT_15__AK	2106	2453	5870
DISTRICT_16__AK	1969	1980	4685
DISTRICT_17__AK	2230	4564	7704
DISTRICT_18__AK	2739	5421	9882
DISTRICT_19__AK	2350	4619	7951
DISTRICT_20__AK	2259	3648	6963
DISTRICT_21__AK	2309	3263	6629
DISTRICT_22__AK	2656	4910	8525
DISTRICT_23__AK	1282	2961	4630
DISTRICT_24__AK	1985	5063	7915
DISTRICT_25__AK	1697	5489	8201
DISTRICT_26__AK	1608	5869	8590
DISTRICT_27__AK	2199	6714	10438
DISTRICT_28__AK	2116	7113	11040
DISTRICT_29__AK	2806	4054	8823
DISTRICT_30__AK	1698	3622	6083
DISTRICT_31__AK	1831	3326	5965
DISTRICT_32__AK	1389	4178	6033
DISTRICT_33__AK	1765	5804	8712
DISTRICT_34__AK	1300	5243	7154
DISTRICT_35__AK	1208	4278	6382
DISTRICT_36__AK	1945	3007	5577
DISTRICT_37__AK	1821	2725	5028
DISTRICT_38__AK	2015	2467	4976
DISTRICT_39__AK	2282	2321	5188
DISTRICT_40__AK	1024	1831	3226
