_PARTIES	Democrat	Republican	Total
_COLORS	Blue	Red
AUTAUGA__AL	4758	15196	20081
BALDWIN__AL	15599	52971	69320
BARBOUR__AL	4832	5899	10777
BIBB__AL	2089	5472	7600
BLOUNT__AL	3938	17386	21504
BULLOCK__AL	3210	1494	4717
BUTLER__AL	3413	4979	8416
CALHOUN__AL	15083	29814	45249
CHAMBERS__AL	5347	7622	13032
CHEROKEE__AL	3040	5923	9049
CHILTON__AL	3778	12829	16693
CHOCTAW__AL	3303	3897	7227
CLARKE__AL	4627	6730	11394
CLAY__AL	1893	4624	6576
CLEBURNE__AL	1391	4370	5798
COFFEE__AL	4480	13019	17616
COLBERT__AL	10598	13188	23935
CONECUH__AL	2719	3271	6021
COOSA__AL	2055	2905	5001
COVINGTON__AL	3423	11119	14627
CRENSHAW__AL	1698	3777	5500
CULLMAN__AL	8045	26818	35191
DALE__AL	4484	13621	18231
DALLAS__AL	11175	7335	18573
DEKALB__AL	7092	16904	24135
ELMORE__AL	6471	22056	28680
ESCAMBIA__AL	3814	8513	12395
ETOWAH__AL	15328	26999	42680
FAYETTE__AL	2408	5534	8002
FRANKLIN__AL	4514	7690	12269
GENEVA__AL	2113	8342	10520
GREENE__AL	3764	958	4748
HALE__AL	4631	3281	7945
HENRY__AL	2452	4881	7361
HOUSTON__AL	9144	26874	36201
JACKSON__AL	8635	11534	20321
JEFFERSON__AL	132286	158680	292967
LAMAR__AL	1956	4894	6885
LAUDERDALE__AL	14628	22161	37107
LAWRENCE__AL	6155	7730	14001
LEE__AL	16227	27972	44610
LIMESTONE__AL	9126	19702	29073
LOWNDES__AL	4233	1786	6021
MACON__AL	7800	1570	9407
MADISON__AL	52644	77173	131062
MARENGO__AL	5037	5255	10322
MARION__AL	3808	8983	12875
MARSHALL__AL	8452	22783	31491
MOBILE__AL	63732	92014	156771
MONROE__AL	3666	5831	9534
MONTGOMERY__AL	45160	44097	89650
MORGAN__AL	14131	32477	47007
PERRY__AL	3767	1738	5523
PICKENS__AL	3915	5170	9132
PIKE__AL	4334	7483	11883
RANDOLPH__AL	2817	6127	9001
RUSSELL__AL	8375	8337	16809
ST__CLAIR__AL	5456	23500	29161
SHELBY__AL	14850	63435	78906
SUMTER__AL	4527	1880	6433
TALLADEGA__AL	11374	18331	29898
TALLAPOOSA__AL	5451	12392	17952
TUSCALOOSA__AL	26447	42877	69830
WALKER__AL	9016	19167	28367
WASHINGTON__AL	3145	5060	8247
WILCOX__AL	3838	1834	5682
WINSTON__AL	2236	8130	10423
APACHE__AZ	15658	8384	24198
COCHISE__AZ	17514	26556	44483
COCONINO__AZ	29243	22526	52267
GILA__AZ	8314	12343	20843
GRAHAM__AZ	3185	7467	10720
GREENLEE__AZ	1146	1899	3067
LA_PAZ__AZ	1849	3158	5055
MARICOPA__AZ	504849	679455	1192751
MOHAVE__AZ	20503	36794	57807
NAVAJO__AZ	14815	17277	32343
PIMA__AZ	193128	171109	366907
PINAL__AZ	27252	37006	64622
SANTA_CRUZ__AZ	6909	4668	11668
YAVAPAI__AZ	33127	53468	87389
YUMA__AZ	16032	22184	38465
ARKANSAS__AR	3110	3789	6946
ASHLEY__AR	3881	4567	8512
BAXTER__AR	7129	11128	18530
BENTON__AR	20756	46571	68121
BOONE__AR	4640	9793	14777
BRADLEY__AR	2206	2011	4249
CALHOUN__AR	942	1341	2303
CARROLL__AR	4161	6184	10481
CHICOT__AR	2993	1725	4757
CLARK__AR	4985	4127	9189
CLAY__AR	3264	2759	6096
CLEBURNE__AR	4702	7001	11835
CLEVELAND__AR	1450	2009	3496
COLUMBIA__AR	4108	5729	9909
CONWAY__AR	4259	4293	8649
CRAIGHEAD__AR	13665	15818	29801
CRAWFORD__AR	6764	13391	20401
CRITTENDEN__AR	8277	6930	15300
CROSS__AR	3135	3864	7074
DALLAS__AR	1667	1699	3383
DESHA__AR	2851	1729	4647
DREW__AR	2952	3262	6249
FAULKNER__AR	14538	21514	36686
FRANKLIN__AR	3008	4181	7289
FULTON__AR	2370	2522	4955
GARLAND__AR	18040	21734	40154
GRANT__AR	2524	4205	6770
GREENE__AR	6561	7232	13947
HEMPSTEAD__AR	3817	3580	7452
HOT_SPRING__AR	5903	5962	12068
HOWARD__AR	2166	2736	4943
INDEPENDENCE__AR	5443	7430	13011
IZARD__AR	2586	2833	5493
JACKSON__AR	3515	2624	6219
JEFFERSON__AR	19675	10218	30493
JOHNSON__AR	3622	4311	8044
LAFAYETTE__AR	1567	1604	3191
LAWRENCE__AR	3544	2951	6615
LEE__AR	2548	1492	4080
LINCOLN__AR	2149	1921	4109
LITTLE_RIVER__AR	2677	2575	5294
LOGAN__AR	3361	5076	8551
LONOKE__AR	7454	14398	22030
MADISON__AR	2421	3873	6384
MARION__AR	2602	4127	6867
MILLER__AR	6139	8448	14678
MISSISSIPPI__AR	7593	6121	14153
MONROE__AR	2049	1586	3667
MONTGOMERY__AR	1524	2367	3958
NEVADA__AR	1694	1752	3477
NEWTON__AR	1506	2779	4378
OUACHITA__AR	5188	5345	10650
PERRY__AR	1921	2435	4431
PHILLIPS__AR	5642	3161	8868
PIKE__AR	1310	2013	3367
POINSETT__AR	4069	3555	7723
POLK__AR	2473	5192	7799
POPE__AR	7100	13614	20902
PRAIRIE__AR	1562	2030	3624
PULASKI__AR	82755	67617	151758
RANDOLPH__AR	3412	3158	6667
ST__FRANCIS__AR	5684	3815	9588
SALINE__AR	14153	24864	39376
SCOTT__AR	1473	2514	4038
SEARCY__AR	1370	2565	3992
SEBASTIAN__AR	16479	27303	44211
SEVIER__AR	2035	2516	4601
SHARP__AR	3265	4097	7470
STONE__AR	2255	3188	5549
UNION__AR	7071	10502	17832
VAN_BUREN__AR	3310	3988	7374
WASHINGTON__AR	27597	35726	64103
WHITE__AR	9129	17001	26425
WOODRUFF__AR	1972	1021	3026
YELL__AR	2913	3678	6659
ALAMEDA__CA	422585	130911	560742
ALPINE__CA	373	311	699
AMADOR__CA	6211	10479	16879
BUTTE__CA	42448	51662	95735
CALAVERAS__CA	8286	13601	22306
COLUSA__CA	1947	4142	6166
CONTRA_COSTA__CA	257254	150608	412139
DEL_NORTE__CA	3892	5356	9421
EL_DORADO__CA	32242	52878	86278
FRESNO__CA	103154	141988	247160
GLENN__CA	2995	6308	9435
HUMBOLDT__CA	37988	25714	65510
IMPERIAL__CA	13955	11628	25902
INYO__CA	3021	4559	7718
KERN__CA	68603	140417	210858
KINGS__CA	10833	21003	32093
LAKE__CA	9679	8185	18166
LASSEN__CA	3158	8126	11437
LOS_ANGELES__CA	1907736	1076225	3021647
MADERA__CA	13481	24871	38780
MARIN__CA	99070	34378	134919
MARIPOSA__CA	3251	5215	8638
MENDOCINO__CA	24385	12955	38179
MERCED__CA	24491	32773	57945
MODOC__CA	1149	3235	4456
MONO__CA	2628	2621	5330
MONTEREY__CA	75241	47838	124544
NAPA__CA	33666	22059	56465
NEVADA__CA	24220	28790	53739
ORANGE__CA	419239	641832	1073296
PLACER__CA	55573	95969	152945
PLUMAS__CA	4129	6905	11178
RIVERSIDE__CA	228806	322473	556882
SACRAMENTO__CA	236657	235539	476765
SAN_BENITO__CA	9851	8698	18725
SAN_BERNARDINO__CA	227789	289306	522777
SAN_DIEGO__CA	526437	596033	1133584
SAN_FRANCISCO__CA	296772	54355	355929
SAN_JOAQUIN__CA	87012	100978	189505
SAN_LUIS_OBISPO__CA	58742	67995	128647
SAN_MATEO__CA	197922	83315	284077
SANTA_BARBARA__CA	90314	76806	169125
SANTA_CLARA__CA	386100	209094	602614
SANTA_CRUZ__CA	89102	30354	121733
SHASTA__CA	24339	52249	77571
SIERRA__CA	646	1249	1945
SISKIYOU__CA	7880	12673	20863
SOLANO__CA	85096	62301	148746
SONOMA__CA	148261	68204	220077
STANISLAUS__CA	58829	85407	145514
SUTTER__CA	9602	20254	30145
TEHAMA__CA	7504	15572	23405
TRINITY__CA	2782	3560	6479
TULARE__CA	32494	65399	98739
TUOLUMNE__CA	10104	15745	26188
VENTURA__CA	148859	160314	312909
YOLO__CA	42885	28005	72009
YUBA__CA	5687	12076	18020
ADAMS__CO	69122	65912	136672
ALAMOSA__CO	3017	3179	6269
ARAPAHOE__CO	110262	119475	232171
ARCHULETA__CO	2141	3601	5839
BACA__CO	483	1680	2186
BENT__CO	785	1338	2155
BOULDER__CO	105564	51586	159257
BROOMFIELD__CO	10935	12007	23235
CHAFFEE__CO	3766	4875	8769
CHEYENNE__CO	198	923	1134
CLEAR_CREEK__CO	2989	2522	5613
CONEJOS__CO	1894	1864	3800
COSTILLA__CO	1170	566	1759
CROWLEY__CO	478	1006	1493
CUSTER__CO	739	1657	2428
DELTA__CO	4224	9722	14159
DENVER__CO	166135	69903	238672
DOLORES__CO	333	785	1146
DOUGLAS__CO	39661	80651	121200
EAGLE__CO	9744	8533	18511
ELBERT__CO	2834	8389	11361
EL_PASO__CO	77648	161361	241786
FREMONT__CO	5933	12313	18523
GARFIELD__CO	9228	11123	20647
GILPIN__CO	1807	1329	3196
GRAND__CO	3243	4260	7609
GUNNISON__CO	4782	3479	8420
HINSDALE__CO	236	355	602
HUERFANO__CO	1663	1700	3402
JACKSON__CO	210	710	934
JEFFERSON__CO	126558	140644	271293
KIOWA__CO	172	712	892
KIT_CARSON__CO	729	2721	3502
LAKE__CO	1623	1261	2949
LA_PLATA__CO	13409	11704	25490
LARIMER__CO	68266	75884	146435
LAS_ANIMAS__CO	3300	3196	6587
LINCOLN__CO	503	1819	2337
LOGAN__CO	2491	6168	8766
MESA__CO	19564	41539	61885
MINERAL__CO	227	383	619
MOFFAT__CO	1355	4247	5725
MONTEZUMA__CO	3867	6988	11015
MONTROSE__CO	4776	11218	16219
MORGAN__CO	3039	6787	9936
OTERO__CO	3164	4947	8180
OURAY__CO	1278	1402	2719
PARK__CO	3445	4781	8355
PHILLIPS__CO	582	1717	2325
PITKIN__CO	6335	2784	9255
PROWERS__CO	1308	3392	4745
PUEBLO__CO	35369	31117	67182
RIO_BLANCO__CO	566	2403	3003
RIO_GRANDE__CO	2006	3448	5523
ROUTT__CO	6392	5199	11761
SAGUACHE__CO	1594	1163	2803
SAN_JUAN__CO	253	216	486
SAN_MIGUEL__CO	2876	1079	4019
SEDGWICK__CO	374	971	1360
SUMMIT__CO	8144	5370	13735
TELLER__CO	3556	8094	11840
WASHINGTON__CO	455	2050	2530
WELD__CO	31868	55591	88652
YUMA__CO	1064	3456	4559
FAIRFIELD__CT	205902	189605	400967
HARTFORD__CT	229902	154919	391808
LITCHFIELD__CT	44647	50160	96668
MIDDLESEX__CT	47292	35252	83984
NEW_HAVEN__CT	199060	160390	366392
NEW_LONDON__CT	66062	49931	118360
TOLLAND__CT	39146	31245	71729
WINDHAM__CT	25477	22324	48861
KENT__DE	23872	31578	55977
NEW_CASTLE__DE	146171	93070	241444
SUSSEX__DE	30098	47003	77749
DISTRICT_OF_COLUMBIA__DC	202970	21256	227586
ALACHUA__FL	62504	47762	111328
BAKER__FL	2180	7738	9955
BAY__FL	21068	53404	75024
BRADFORD__FL	3244	7557	10855
BREVARD__FL	110309	153068	265462
BROWARD__FL	453873	244674	706872
CALHOUN__FL	2116	3782	5963
CHARLOTTE__FL	34256	44428	79786
CITRUS__FL	29277	39500	69467
CLAY__FL	18971	62078	81495
COLLIER__FL	43892	83631	128683
COLUMBIA__FL	8031	16758	24991
DESOTO__FL	3913	5524	9510
DIXIE__FL	1960	4434	6442
DUVAL__FL	158610	220190	381061
ESCAMBIA__FL	48329	93566	143278
FLAGLER__FL	18578	19633	38480
FRANKLIN__FL	2401	3472	5931
GADSDEN__FL	14629	6253	20984
GILCHRIST__FL	2017	4936	7015
GLADES__FL	1718	2443	4188
GULF__FL	2407	4805	7277
HAMILTON__FL	2260	2792	5079
HARDEE__FL	2149	5049	7249
HENDRY__FL	3960	5757	9775
HERNANDO__FL	37187	42635	80547
HIGHLANDS__FL	15347	25878	41496
HILLSBOROUGH__FL	214132	245576	463222
HOLMES__FL	1810	6412	8300
INDIAN_RIVER__FL	23956	36938	61414
JACKSON__FL	7555	12122	19807
JEFFERSON__FL	4135	3298	7478
LAFAYETTE__FL	845	2460	3325
LAKE__FL	48221	74389	123950
LEE__FL	93860	144176	240667
LEON__FL	83873	51615	136379
LEVY__FL	6074	10410	16652
LIBERTY__FL	1070	1927	3021
MADISON__FL	4050	4191	8304
MANATEE__FL	61262	81318	143621
MARION__FL	57271	81283	139677
MARTIN__FL	30208	41362	72453
MIAMI_DADE__FL	409732	361095	774726
MONROE__FL	19654	19467	39535
NASSAU__FL	8573	23783	32743
OKALOOSA__FL	19368	69693	89756
OKEECHOBEE__FL	5153	6978	12190
ORANGE__FL	193354	192539	388044
OSCEOLA__FL	38633	43117	82204
PALM_BEACH__FL	328687	212688	544622
PASCO__FL	84749	103230	190916
PINELLAS__FL	225460	225686	455357
POLK__FL	86009	123559	210830
PUTNAM__FL	12412	18311	30973
ST__JOHNS__FL	26399	59196	86290
ST__LUCIE__FL	51835	47592	100063
SANTA_ROSA__FL	14659	52059	67307
SARASOTA__FL	88442	104692	195652
SEMINOLE__FL	76971	108172	186195
SUMTER__FL	11584	19800	31842
SUWANNEE__FL	4522	11153	15802
TAYLOR__FL	3049	5467	8581
UNION__FL	1251	3396	4675
VOLUSIA__FL	115519	111924	228939
WAKULLA__FL	4896	6777	11763
WALTON__FL	6213	17555	23976
WASHINGTON__FL	2912	7369	10366
APPLING__GA	1848	4494	6369
ATKINSON__GA	799	1666	2470
BACON__GA	930	2853	3790
BAKER__GA	936	821	1764
BALDWIN__GA	6775	7709	14547
BANKS__GA	1149	4410	5590
BARROW__GA	4095	13520	17727
BARTOW__GA	7741	22311	30232
BEN_HILL__GA	2180	3331	5536
BERRIEN__GA	1638	3917	5592
BIBB__GA	29322	28107	57687
BLECKLEY__GA	1281	3167	4467
BRANTLEY__GA	1258	4333	5618
BROOKS__GA	2193	2912	5113
BRYAN__GA	2590	7363	9983
BULLOCH__GA	6840	12252	19171
BURKE__GA	4213	4232	8479
BUTTS__GA	2572	5119	7734
CALHOUN__GA	1119	890	2019
CAMDEN__GA	4637	9488	14175
CANDLER__GA	1096	2048	3151
CARROLL__GA	10224	24837	35278
CATOOSA__GA	5807	16406	22304
CHARLTON__GA	1064	2311	3387
CHATHAM__GA	45630	45484	91515
CHATTAHOOCHEE__GA	773	905	1688
CHATTOOGA__GA	2809	4992	7847
CHEROKEE__GA	14824	58238	73587
CLARKE__GA	21718	15052	37235
CLAY__GA	798	509	1309
CLAYTON__GA	56113	23106	79546
CLINCH__GA	750	1501	2265
COBB__GA	103955	173467	279473
COFFEE__GA	3979	8306	12327
COLQUITT__GA	3378	8296	11730
COLUMBIA__GA	11442	35549	47144
COOK__GA	1733	3065	4816
COWETA__GA	10647	31682	42545
CRAWFORD__GA	1552	2830	4402
CRISP__GA	2357	3865	6250
DADE__GA	1823	4368	6230
DAWSON__GA	1407	6649	8113
DECATUR__GA	3577	5348	8951
DEKALB__GA	200787	73570	276139
DODGE__GA	2384	4584	6995
DOOLY__GA	1973	1853	3844
DOUGHERTY__GA	19805	13711	33647
DOUGLAS__GA	15997	25846	42065
EARLY__GA	1701	2495	4213
ECHOLS__GA	231	757	991
EFFINGHAM__GA	3613	12503	16167
ELBERT__GA	2984	4626	7656
EMANUEL__GA	2774	4666	7468
EVANS__GA	1213	2291	3514
FANNIN__GA	2727	6862	9650
FAYETTE__GA	14887	37346	52528
FLOYD__GA	10038	21400	31625
FORSYTH__GA	9201	47267	56826
FRANKLIN__GA	2245	5218	7502
FULTON__GA	199436	134372	336024
GILMER__GA	2510	7414	9998
GLASCOCK__GA	250	1016	1269
GLYNN__GA	8962	18608	27692
GORDON__GA	4028	11671	15775
GRADY__GA	3092	5068	8191
GREENE__GA	2774	4069	6872
GWINNETT__GA	81708	160445	243917
HABERSHAM__GA	2750	10434	13245
HALL__GA	10514	38883	49696
HANCOCK__GA	2715	822	3550
HARALSON__GA	2434	7703	10193
HARRIS__GA	3400	8878	12331
HART__GA	3479	5500	9021
HEARD__GA	1148	2788	3955
HENRY__GA	21096	42759	64153
HOUSTON__GA	15054	29862	45153
IRWIN__GA	1051	2347	3414
JACKSON__GA	3468	12611	16170
JASPER__GA	1558	3157	4740
JEFF_DAVIS__GA	1277	3549	4844
JEFFERSON__GA	3447	3066	6535
JENKINS__GA	1494	1898	3403
JOHNSON__GA	1263	2279	3553
JONES__GA	3855	6939	10845
LAMAR__GA	2432	4027	6494
LANIER__GA	931	1641	2584
LAURENS__GA	6281	10883	17237
LEE__GA	2182	8201	10413
LIBERTY__GA	6619	6131	12800
LINCOLN__GA	1337	2309	3657
LONG__GA	1033	1994	3036
LOWNDES__GA	12516	18981	31622
LUMPKIN__GA	2091	6690	8855
MCDUFFIE__GA	2899	4846	7773
MCINTOSH__GA	2523	2837	5378
MACON__GA	2906	1851	4777
MADISON__GA	2527	7254	9833
MARION__GA	1275	1670	2952
MERIWETHER__GA	3709	4402	8147
MILLER__GA	736	1694	2441
MITCHELL__GA	3360	3885	7267
MONROE__GA	3216	6522	9783
MONTGOMERY__GA	1007	2150	3168
MORGAN__GA	2304	4902	7242
MURRAY__GA	2899	7745	10689
MUSCOGEE__GA	32867	30850	63948
NEWTON__GA	10939	18095	29166
OCONEE__GA	3789	10276	14170
OGLETHORPE__GA	1899	3688	5628
PAULDING__GA	9420	30843	40467
PEACH__GA	3961	4554	8545
PICKENS__GA	2444	8115	10627
PIERCE__GA	1234	4680	5923
PIKE__GA	1506	5193	6741
POLK__GA	3868	8467	12395
PULASKI__GA	1294	2202	3511
PUTNAM__GA	2880	5188	8107
QUITMAN__GA	543	409	965
RABUN__GA	1918	4650	6625
RANDOLPH__GA	1612	1418	3047
RICHMOND__GA	39262	29764	69282
ROCKDALE__GA	12136	18856	31156
SCHLEY__GA	464	1063	1530
SCREVEN__GA	2534	3360	5923
SEMINOLE__GA	1278	1977	3274
SPALDING__GA	7460	13461	21007
STEPHENS__GA	2714	6904	9660
STEWART__GA	1220	797	2031
SUMTER__GA	5562	5688	11287
TALBOT__GA	1830	1103	2943
TALIAFERRO__GA	612	335	951
TATTNALL__GA	1787	4657	6463
TAYLOR__GA	1458	1912	3381
TELFAIR__GA	1590	2171	3775
TERRELL__GA	1951	1859	3824
THOMAS__GA	5997	9659	15705
TIFT__GA	3864	8619	12520
TOOMBS__GA	2567	6196	8813
TOWNS__GA	1430	3823	5277
TREUTLEN__GA	1052	1691	2756
TROUP__GA	7630	14183	21912
TURNER__GA	1135	1815	2960
TWIGGS__GA	2220	2112	4365
UNION__GA	2327	6847	9225
UPSON__GA	3424	6634	10086
WALKER__GA	5986	15340	21453
WALTON__GA	5887	21594	27624
WARE__GA	3449	7790	11281
WARREN__GA	1360	1121	2489
WASHINGTON__GA	3733	4081	7847
WAYNE__GA	2683	6819	9542
WEBSTER__GA	515	485	1004
WHEELER__GA	847	1192	2049
WHITE__GA	2016	7403	9483
WHITFIELD__GA	6933	19297	26356
WILCOX__GA	902	1705	2613
WILKES__GA	2028	2490	4543
WILKINSON__GA	2235	2261	4514
WORTH__GA	2219	5105	7348
HAWAII__HI	35116	22032	57702
HONOLULU__HI	152500	144157	298547
KAUAI__HI	14916	9740	24876
MAUI__HI	28803	18187	47430
ADA__ID	58523	94641	155002
ADAMS__ID	555	1468	2063
BANNOCK__ID	12903	21479	34843
BEAR_LAKE__ID	494	2506	3040
BENEWAH__ID	1148	2823	4047
BINGHAM__ID	3605	12734	16564
BLAINE__ID	5992	4034	10146
BOISE__ID	970	2501	3527
BONNER__ID	6649	10697	17681
BONNEVILLE__ID	8356	30048	38871
BOUNDARY__ID	1268	3012	4378
BUTTE__ID	321	1077	1406
CAMAS__ID	139	450	595
CANYON__ID	13415	41599	55692
CARIBOU__ID	491	2753	3281
CASSIA__ID	1153	6562	7821
CLARK__ID	46	302	353
CLEARWATER__ID	1117	2839	4034
CUSTER__ID	559	1762	2358
ELMORE__ID	1959	6011	8059
FRANKLIN__ID	456	4527	5054
FREMONT__ID	741	4965	5769
GEM__ID	1628	5416	7134
GOODING__ID	1278	3973	5325
IDAHO__ID	1689	6017	7965
JEFFERSON__ID	1084	7703	8906
JEROME__ID	1344	5177	6580
KOOTENAI__ID	17584	36173	54596
LATAH__ID	8430	8686	17547
LEMHI__ID	915	3079	4053
LEWIS__ID	440	1359	1820
LINCOLN__ID	466	1388	1875
MADISON__ID	826	10693	11637
MINIDOKA__ID	1331	5797	7200
NEZ_PERCE__ID	6476	11009	17700
ONEIDA__ID	304	1789	2133
OWYHEE__ID	685	2859	3590
PAYETTE__ID	1848	6256	8180
POWER__ID	829	2105	2958
SHOSHONE__ID	2331	2922	5337
TETON__ID	1416	2235	3690
TWIN_FALLS__ID	6458	19672	26435
VALLEY__ID	1843	2863	4772
WASHINGTON__ID	1033	3274	4359
ADAMS__IL	10511	20834	31477
ALEXANDER__IL	2016	1831	3873
BOND__IL	3228	4068	7369
BOONE__IL	8286	11132	19541
BROWN__IL	895	1679	2585
BUREAU__IL	7961	9822	17902
CALHOUN__IL	1367	1317	2706
CARROLL__IL	3537	4534	8135
CASS__IL	2492	3163	5700
CHAMPAIGN__IL	41524	39896	82434
CHRISTIAN__IL	6112	9044	15267
CLARK__IL	2877	5082	8007
CLAY__IL	2101	4416	6554
CLINTON__IL	6797	10219	17131
COLES__IL	9566	13015	22780
COOK__IL	1439724	597405	2049434
CRAWFORD__IL	3194	6083	9332
CUMBERLAND__IL	1862	3497	5416
DEKALB__IL	19263	21095	40768
DE_WITT__IL	2836	4920	7798
DOUGLAS__IL	2767	5702	8540
DUPAGE__IL	180097	218902	402446
EDGAR__IL	3093	5258	8429
EDWARDS__IL	930	2412	3364
EFFINGHAM__IL	4388	11774	16278
FAYETTE__IL	3571	5880	9549
FORD__IL	1912	4511	6479
FRANKLIN__IL	8816	10388	19352
FULTON__IL	9080	7818	17035
GALLATIN__IL	1573	1619	3225
GREENE__IL	2457	3559	6068
GRUNDY__IL	8463	11198	19831
HAMILTON__IL	1814	2653	4514
HANCOCK__IL	3975	5837	9899
HARDIN__IL	923	1501	2437
HENDERSON__IL	2269	1857	4153
HENRY__IL	11877	13212	25241
IROQUOIS__IL	3832	9914	13835
JACKSON__IL	14300	11190	25826
JASPER__IL	1781	3529	5336
JEFFERSON__IL	6713	10160	16948
JERSEY__IL	4597	5435	10137
JO_DAVIESS__IL	5311	6174	11584
JOHNSON__IL	1813	3997	5865
KANE__IL	75922	94359	171715
KANKAKEE__IL	20003	24739	45036
KENDALL__IL	12374	19774	32402
KNOX__IL	13403	11111	24708
LAKE__IL	134352	139081	275295
LA_SALLE__IL	24263	26101	50729
LAWRENCE__IL	2518	4162	6729
LEE__IL	6416	9307	15876
LIVINGSTON__IL	5632	10316	16039
LOGAN__IL	4273	9112	13467
MCDONOUGH__IL	7119	7656	14929
MCHENRY__IL	50330	76412	127948
MCLEAN__IL	29877	41276	71620
MACON__IL	23341	28118	51746
MACOUPIN__IL	11193	11413	22785
MADISON__IL	63399	59384	123678
MARION__IL	7694	9413	17224
MARSHALL__IL	2806	3734	6584
MASON__IL	3215	3907	7183
MASSAC__IL	2805	4578	7424
MENARD__IL	2137	4408	6574
MERCER__IL	4512	4405	8974
MONROE__IL	6788	9468	16370
MONTGOMERY__IL	5979	6851	12930
MORGAN__IL	5650	9392	15180
MOULTRIE__IL	2388	4028	6466
OGLE__IL	9018	14918	24091
PEORIA__IL	41121	41051	82771
PERRY__IL	4770	5589	10425
PIATT__IL	3124	5392	8586
PIKE__IL	2849	5032	7980
POPE__IL	918	1500	2436
PULASKI__IL	1372	1720	3108
PUTNAM__IL	1704	1623	3352
RANDOLPH__IL	6771	8076	14956
RICHLAND__IL	2529	5153	7749
ROCK_ISLAND__IL	39880	29663	69972
ST__CLAIR__IL	62410	50203	113189
SALINE__IL	4697	7057	11814
SANGAMON__IL	38630	55904	95375
SCHUYLER__IL	1594	2403	4031
SCOTT__IL	927	1696	2636
SHELBY__IL	3744	6753	10577
STARK__IL	1189	1841	3061
STEPHENSON__IL	8913	12212	21320
TAZEWELL__IL	25814	36058	62338
UNION__IL	3735	5333	9119
VERMILION__IL	14726	18731	33714
WABASH__IL	1752	4212	6006
WARREN__IL	3938	4474	8457
WASHINGTON__IL	2986	5072	8104
WAYNE__IL	2139	6102	8287
WHITE__IL	3071	5180	8301
WHITESIDE__IL	13723	12959	26873
WILL__IL	115625	129098	246409
WILLIAMSON__IL	11685	18086	29960
WINNEBAGO__IL	59740	60782	121425
WOODFORD__IL	6005	12698	18802
ADAMS__IN	3512	9734	13340
ALLEN__IN	46710	82013	129609
BARTHOLOMEW__IN	9191	19093	28515
BENTON__IN	1135	2797	3992
BLACKFORD__IN	1903	3447	5380
BOONE__IN	5636	17055	22898
BROWN__IN	2730	4512	7330
CARROLL__IN	2689	5868	8638
CASS__IN	4315	9480	13931
CLARK__IN	17648	24495	42337
CLAY__IN	3333	7361	10783
CLINTON__IN	3335	8471	11877
CRAWFORD__IN	1932	2609	4574
DAVIESS__IN	2573	7936	10599
DEARBORN__IN	6596	14231	20969
DECATUR__IN	2621	7499	10199
DEKALB__IN	4810	10468	15403
DELAWARE__IN	20436	27064	47939
DUBOIS__IN	5210	11726	17066
ELKHART__IN	17966	42967	61380
FAYETTE__IN	3626	5761	9468
FLOYD__IN	13857	19877	33890
FOUNTAIN__IN	2477	5260	7804
FRANKLIN__IN	2925	6977	9992
FULTON__IN	2607	6027	8703
GIBSON__IN	5378	9133	14614
GRANT__IN	8509	18769	27460
GREENE__IN	4606	8609	13352
HAMILTON__IN	26388	77887	104906
HANCOCK__IN	6912	20771	27867
HARRISON__IN	6171	11015	17310
HENDRICKS__IN	13548	38430	52302
HENRY__IN	7176	13137	20504
HOWARD__IN	12998	23714	37021
HUNTINGTON__IN	3877	11617	15627
JACKSON__IN	5092	11083	16309
JASPER__IN	3678	8056	11844
JAY__IN	2740	5427	8232
JEFFERSON__IN	5117	7763	12971
JENNINGS__IN	3538	6864	10517
JOHNSON__IN	13109	37765	51255
KNOX__IN	5649	9990	15746
KOSCIUSKO__IN	5977	22136	28360
LAGRANGE__IN	2523	6430	9003
LAKE__IN	114743	71903	188022
LAPORTE__IN	21114	20916	42606
LAWRENCE__IN	5346	12207	17698
MADISON__IN	21882	32526	54855
MARION__IN	162249	156072	320838
MARSHALL__IN	5593	12074	17814
MARTIN__IN	1522	3414	4996
MIAMI__IN	3886	9600	13628
MONROE__IN	26965	22834	50467
MONTGOMERY__IN	3536	10901	14548
MORGAN__IN	6650	19197	26029
NEWTON__IN	2032	3757	5848
NOBLE__IN	4703	10859	15679
OHIO__IN	1139	1796	2958
ORANGE__IN	2885	5683	8652
OWEN__IN	2536	5000	7604
PARKE__IN	2362	4550	6971
PERRY__IN	4131	4137	8315
PIKE__IN	2418	3745	6212
PORTER__IN	29388	34794	64873
POSEY__IN	4085	7833	11986
PULASKI__IN	1750	3797	5614
PUTNAM__IN	4103	8908	13136
RANDOLPH__IN	3812	7172	11092
RIPLEY__IN	3510	8224	11834
RUSH__IN	2000	5363	7421
ST__JOSEPH__IN	52637	55254	108619
SCOTT__IN	3822	4793	8677
SHELBY__IN	4519	11397	16027
SPENCER__IN	3920	5934	9924
STARKE__IN	3987	4846	8937
STEUBEN__IN	4345	8433	12905
SULLIVAN__IN	3341	4999	8394
SWITZERLAND__IN	1479	2161	3671
TIPPECANOE__IN	20818	30897	52360
TIPTON__IN	2203	5628	7892
UNION__IN	1045	2266	3344
VANDERBURGH__IN	28767	41463	70654
VERMILLION__IN	3424	3536	7017
VIGO__IN	18426	20988	39744
WABASH__IN	3920	9607	13602
WARREN__IN	1356	2565	3960
WARRICK__IN	8980	16930	26025
WASHINGTON__IN	3879	6915	10880
WAYNE__IN	10775	16586	27657
WELLS__IN	3112	9168	12354
WHITE__IN	3277	6974	10366
WHITLEY__IN	3880	9512	13481
ADAIR__IA	1844	2402	4278
ADAMS__IA	977	1317	2325
ALLAMAKEE__IA	3449	3530	7062
APPANOOSE__IA	3063	3340	6450
AUDUBON__IA	1608	1958	3592
BENTON__IA	6747	6658	13501
BLACK_HAWK__IA	35392	28046	63907
BOONE__IA	7027	6870	14009
BREMER__IA	6025	6665	12779
BUCHANAN__IA	5608	4797	10475
BUENA_VISTA__IA	3520	4887	8490
BUTLER__IA	3001	4417	7475
CALHOUN__IA	2243	3255	5542
CARROLL__IA	4689	5762	10524
CASS__IA	2679	4796	7543
CEDAR__IA	4747	4869	9694
CERRO_GORDO__IA	13372	10960	24516
CHEROKEE__IA	2988	3758	6796
CHICKASAW__IA	3708	3040	6806
CLARKE__IA	2323	2200	4566
CLAY__IA	3547	4898	8588
CLAYTON__IA	4736	4312	9168
CLINTON__IA	13813	10666	24684
CRAWFORD__IA	3220	3955	7242
DALLAS__IA	10917	15183	26293
DAVIS__IA	1731	2148	3918
DECATUR__IA	1859	2088	4011
DELAWARE__IA	4227	4908	9200
DES_MOINES__IA	12456	8221	20874
DICKINSON__IA	4140	5337	9553
DUBUQUE__IA	26561	20100	47043
EMMET__IA	2405	2697	5156
FAYETTE__IA	5185	5128	10392
FLOYD__IA	4349	3745	8167
FRANKLIN__IA	2340	3128	5521
FREMONT__IA	1510	2362	3911
GREENE__IA	2459	2618	5113
GRUNDY__IA	2386	4429	6849
GUTHRIE__IA	2614	3325	5994
HAMILTON__IA	3895	4367	8335
HANCOCK__IA	2484	3368	5905
HARDIN__IA	4015	4875	8949
HARRISON__IA	2906	4680	7680
HENRY__IA	4127	5220	9457
HOWARD__IA	2614	2028	4697
HUMBOLDT__IA	2146	3162	5350
IDA__IA	1415	2342	3774
IOWA__IA	3841	4544	8454
JACKSON__IA	5656	4242	10011
JASPER__IA	10430	9462	20062
JEFFERSON__IA	4490	3648	8281
JOHNSON__IA	41847	22715	65373
JONES__IA	5054	4834	9978
KEOKUK__IA	2294	3119	5480
KOSSUTH__IA	4132	5042	9258
LEE__IA	10152	7472	17858
LINN__IA	60442	49442	110740
LOUISA__IA	2297	2572	4916
LUCAS__IA	1987	2543	4571
LYON__IA	1303	4751	6101
MADISON__IA	3380	4538	8004
MAHASKA__IA	3790	6858	10728
MARION__IA	6574	9990	16696
MARSHALL__IA	9443	9557	19164
MILLS__IA	2308	4556	6940
MITCHELL__IA	2785	2646	5480
MONONA__IA	2397	2575	5018
MONROE__IA	1855	2067	3963
MONTGOMERY__IA	1899	3601	5556
MUSCATINE__IA	9542	9020	18717
O_BRIEN__IA	2330	5328	7731
OSCEOLA__IA	934	2295	3266
PAGE__IA	2211	5243	7513
PALO_ALTO__IA	2482	2674	5191
PLYMOUTH__IA	4278	7810	12222
POCAHONTAS__IA	1822	2441	4313
POLK__IA	105218	95828	202618
POTTAWATTAMIE__IA	16906	24558	41820
POWESHIEK__IA	5043	4965	10091
RINGGOLD__IA	1286	1466	2778
SAC__IA	2215	3128	5374
SCOTT__IA	42122	39958	82722
SHELBY__IA	2355	4256	6670
SIOUX__IA	2259	14229	16570
STORY__IA	23296	20819	44652
TAMA__IA	4487	4456	9001
TAYLOR__IA	1252	1908	3190
UNION__IA	2747	3165	5978
VAN_BUREN__IA	1568	2211	3836
WAPELLO__IA	9125	7403	16707
WARREN__IA	10730	12160	23053
WASHINGTON__IA	4595	5977	10688
WAYNE__IA	1379	1733	3133
WEBSTER__IA	9561	8959	18631
WINNEBAGO__IA	2707	3175	5952
WINNESHIEK__IA	5354	5324	10784
WOODBURY__IA	21455	22451	44195
WORTH__IA	2286	1795	4123
WRIGHT__IA	2930	3631	6603
ALLEN__KS	1922	3867	5873
ANDERSON__KS	1295	2500	3863
ATCHISON__KS	3120	3880	7118
BARBER__KS	588	1782	2403
BARTON__KS	2874	8666	11706
BOURBON__KS	2216	4372	6686
BROWN__KS	1268	3092	4418
BUTLER__KS	7495	18438	26280
CHASE__KS	418	1055	1501
CHAUTAUQUA__KS	404	1529	1960
CHEROKEE__KS	3726	6083	9913
CHEYENNE__KS	320	1353	1692
CLARK__KS	257	1014	1291
CLAY__KS	793	3174	4010
CLOUD__KS	1210	3221	4503
COFFEY__KS	1093	3259	4408
COMANCHE__KS	200	770	981
COWLEY__KS	4818	9407	14447
CRAWFORD__KS	7617	8626	16527
DECATUR__KS	355	1355	1740
DICKINSON__KS	2364	6295	8791
DONIPHAN__KS	1065	2491	3603
DOUGLAS__KS	28634	20544	50111
EDWARDS__KS	386	1084	1496
ELK__KS	369	1119	1515
ELLIS__KS	4033	7891	12187
ELLSWORTH__KS	801	2259	3102
FINNEY__KS	2351	7479	9933
FORD__KS	2286	6632	9016
FRANKLIN__KS	3921	7391	11476
GEARY__KS	2531	4703	7328
GOVE__KS	247	1196	1467
GRAHAM__KS	334	1082	1440
GRANT__KS	561	2169	2758
GRAY__KS	408	1816	2245
GREELEY__KS	138	584	735
GREENWOOD__KS	911	2282	3244
HAMILTON__KS	229	888	1130
HARPER__KS	727	2154	2930
HARVEY__KS	5331	9534	15110
HASKELL__KS	227	1356	1599
HODGEMAN__KS	223	953	1183
JACKSON__KS	2064	3730	5888
JEFFERSON__KS	3253	5408	8793
JEWELL__KS	385	1495	1915
JOHNSON__KS	97866	158103	258687
KEARNY__KS	272	1177	1455
KINGMAN__KS	904	2801	3764
KIOWA__KS	256	1275	1565
LABETTE__KS	3615	5400	9139
LANE__KS	181	823	1014
LEAVENWORTH__KS	11039	15949	27331
LINCOLN__KS	391	1368	1800
LINN__KS	1631	3048	4741
LOGAN__KS	248	1255	1523
LYON__KS	5234	7951	13440
MCPHERSON__KS	3589	9595	13367
MARION__KS	1536	4516	6159
MARSHALL__KS	1789	3261	5108
MEADE__KS	356	1748	2121
MIAMI__KS	4838	9013	14016
MITCHELL__KS	693	2609	3349
MONTGOMERY__KS	4338	9598	14116
MORRIS__KS	931	1961	2936
MORTON__KS	276	1287	1576
NEMAHA__KS	1355	4027	5463
NEOSHO__KS	2424	4705	7231
NESS__KS	382	1407	1818
NORTON__KS	473	2092	2599
OSAGE__KS	2537	4800	7463
OSBORNE__KS	454	1587	2075
OTTAWA__KS	595	2333	2971
PAWNEE__KS	773	2172	2988
PHILLIPS__KS	557	2256	2847
POTTAWATOMIE__KS	2176	6326	8823
PRATT__KS	1200	3121	4384
RAWLINS__KS	289	1414	1720
RENO__KS	9114	17748	27324
REPUBLIC__KS	607	2238	2889
RICE__KS	1130	3182	4376
RILEY__KS	7908	12672	20911
ROOKS__KS	534	2121	2710
RUSH__KS	517	1226	1789
RUSSELL__KS	810	2671	3525
SALINE__KS	7524	15111	23041
SCOTT__KS	347	1924	2299
SEDGWICK__KS	64839	110381	177679
SEWARD__KS	1122	4272	5439
SHAWNEE__KS	36264	44188	81577
SHERIDAN__KS	239	1144	1406
SHERMAN__KS	632	2088	2762
SMITH__KS	540	1803	2370
STAFFORD__KS	506	1649	2186
STANTON__KS	165	796	966
STEVENS__KS	310	1936	2265
SUMNER__KS	3217	7092	10488
THOMAS__KS	816	3007	3870
TREGO__KS	434	1225	1686
WABAUNSEE__KS	1001	2531	3604
WALLACE__KS	112	742	876
WASHINGTON__KS	643	2498	3190
WICHITA__KS	183	869	1062
WILSON__KS	1060	3263	4398
WOODSON__KS	530	1204	1763
WYANDOTTE__KS	34923	17919	53401
ADAIR__KY	1764	5628	7447
ALLEN__KY	1923	5202	7163
ANDERSON__KY	3141	6363	9591
BALLARD__KY	1759	2389	4177
BARREN__KY	5216	10822	16140
BATH__KY	2608	2269	4919
BELL__KY	4210	6722	11002
BOONE__KY	12391	32329	45082
BOURBON__KY	3198	4953	8217
BOYD__KY	10132	11501	21777
BOYLE__KY	4646	7764	12490
BRACKEN__KY	1213	2363	3610
BREATHITT__KY	3327	2542	5944
BRECKINRIDGE__KY	2884	5580	8520
BULLITT__KY	9043	19433	28627
BUTLER__KY	1436	4109	5578
CALDWELL__KY	2245	4066	6349
CALLOWAY__KY	5728	9293	15145
CAMPBELL__KY	14253	25540	40175
CARLISLE__KY	1102	1734	2845
CARROLL__KY	1688	2175	3897
CARTER__KY	5577	5422	11117
CASEY__KY	1174	5109	6321
CHRISTIAN__KY	6970	13935	21015
CLARK__KY	5661	9540	15317
CLAY__KY	1901	5726	7687
CLINTON__KY	952	3369	4352
CRITTENDEN__KY	1438	2726	4190
CUMBERLAND__KY	848	2356	3239
DAVIESS__KY	15788	25372	41483
EDMONSON__KY	1856	3595	5481
ELLIOTT__KY	2064	871	2957
ESTILL__KY	1907	3633	5575
FAYETTE__KY	57994	66406	125576
FLEMING__KY	2406	3749	6203
FLOYD__KY	11132	6612	17885
FRANKLIN__KY	11620	12281	24133
FULTON__KY	1340	1527	2890
GALLATIN__KY	1188	1869	3073
GARRARD__KY	1841	4784	6658
GRANT__KY	2818	5951	8824
GRAVES__KY	6206	9903	16229
GRAYSON__KY	2905	7170	10143
GREEN__KY	1312	3866	5206
GREENUP__KY	7630	8696	16435
HANCOCK__KY	1709	2286	4029
HARDIN__KY	11507	24627	36441
HARLAN__KY	4332	6659	11070
HARRISON__KY	2807	4855	7731
HART__KY	2470	4269	6784
HENDERSON__KY	8101	10467	18701
HENRY__KY	2366	4094	6499
HICKMAN__KY	926	1395	2342
HOPKINS__KY	6420	12314	18843
JACKSON__KY	769	4369	5178
JEFFERSON__KY	170158	164566	337350
JESSAMINE__KY	5476	12972	18580
JOHNSON__KY	3288	5940	9304
KENTON__KY	22834	43664	67123
KNOTT__KY	4685	2648	7394
KNOX__KY	3822	8108	12028
LARUE__KY	1823	4111	5968
LAUREL__KY	5297	16819	22264
LAWRENCE__KY	2705	3755	6513
LEE__KY	878	2018	2920
LESLIE__KY	1266	3661	4964
LETCHER__KY	4192	4801	9065
LEWIS__KY	1667	3778	5484
LINCOLN__KY	2796	5996	8863
LIVINGSTON__KY	2007	2675	4706
LOGAN__KY	3768	6815	10644
LYON__KY	1769	2132	3925
MCCRACKEN__KY	11361	18218	29797
MCCREARY__KY	1530	4121	5693
MCLEAN__KY	1823	2584	4435
MADISON__KY	11525	18922	30707
MAGOFFIN__KY	2843	2836	5718
MARION__KY	3399	3905	7354
MARSHALL__KY	6383	9049	15521
MARTIN__KY	1504	2996	4539
MASON__KY	2644	4381	7079
MEADE__KY	3724	7152	10951
MENIFEE__KY	1284	1215	2528
MERCER__KY	3224	6745	10028
METCALFE__KY	1472	2645	4157
MONROE__KY	1158	4657	5843
MONTGOMERY__KY	4506	5647	10230
MORGAN__KY	2532	2682	5272
MUHLENBERG__KY	6636	6749	13479
NELSON__KY	6524	10161	16844
NICHOLAS__KY	1332	1700	3059
OHIO__KY	3627	6311	10028
OLDHAM__KY	8080	18801	27132
OWEN__KY	1615	3084	4741
OWSLEY__KY	430	1558	1999
PENDLETON__KY	1940	4045	6025
PERRY__KY	5400	6187	11655
PIKE__KY	14002	12611	26770
POWELL__KY	2249	2687	4960
PULASKI__KY	5829	19535	25516
ROBERTSON__KY	413	670	1090
ROCKCASTLE__KY	1320	4804	6166
ROWAN__KY	4556	4063	8706
RUSSELL__KY	1772	6009	7821
SCOTT__KY	6325	10600	17050
SHELBY__KY	5277	10909	16313
SIMPSON__KY	2730	4273	7043
SPENCER__KY	1970	4816	6822
TAYLOR__KY	2979	7247	10295
TODD__KY	1491	3242	4754
TRIGG__KY	2046	4023	6111
TRIMBLE__KY	1428	2332	3790
UNION__KY	2398	3534	5977
WARREN__KY	14326	25100	39711
WASHINGTON__KY	1724	3479	5236
WAYNE__KY	2616	5027	7685
WEBSTER__KY	2304	3207	5547
WHITLEY__KY	3985	9559	13629
WOLFE__KY	1744	1385	3155
WOODFORD__KY	4480	6937	11502
ACADIA__LA	8937	16083	25230
ALLEN__LA	3791	5140	9124
ASCENSION__LA	13955	24661	39100
ASSUMPTION__LA	5585	4966	10735
AVOYELLES__LA	6976	8302	15525
BEAUREGARD__LA	3666	9470	13281
BIENVILLE__LA	3399	3612	7157
BOSSIER__LA	12317	30040	42705
CADDO__LA	51739	54292	106595
CALCASIEU__LA	32864	46075	79698
CALDWELL__LA	1384	3308	4752
CAMERON__LA	1367	3190	4640
CATAHOULA__LA	1673	3219	4954
CLAIBORNE__LA	2854	3704	6630
CONCORDIA__LA	3446	5427	8980
DE_SOTO__LA	5026	6211	11336
EAST_BATON_ROUGE__LA	82298	99943	183642
EAST_CARROLL__LA	1980	1357	3395
EAST_FELICIANA__LA	4091	5021	9201
EVANGELINE__LA	5757	7949	13979
FRANKLIN__LA	2828	6141	9103
GRANT__LA	1977	5911	7991
IBERIA__LA	12426	19420	32273
IBERVILLE__LA	8259	6333	14827
JACKSON__LA	2525	5038	7647
JEFFERSON__LA	72136	117882	191663
JEFFERSON_DAVIS__LA	4745	8055	13007
LAFAYETTE__LA	31210	57732	89923
LAFOURCHE__LA	14417	22734	37864
LASALLE__LA	1155	5015	6238
LINCOLN__LA	7242	10791	18218
LIVINGSTON__LA	9895	33976	44253
MADISON__LA	2334	2291	4673
MOREHOUSE__LA	5336	7471	12971
NATCHITOCHES__LA	7398	9261	16966
ORLEANS__LA	152610	42847	197103
OUACHITA__LA	22016	41750	64444
PLAQUEMINES__LA	4181	7866	12153
POINTE_COUPEE__LA	5712	5429	11271
RAPIDES__LA	18904	34492	54069
RED_RIVER__LA	2140	2507	4717
RICHLAND__LA	3082	5471	8665
SABINE__LA	2743	6711	9576
ST__BERNARD__LA	9956	19597	29838
ST__CHARLES__LA	8856	14747	23837
ST__HELENA__LA	3173	2235	5508
ST__JAMES__LA	6407	4545	11108
ST__JOHN_THE_BAPTIST__LA	10305	9039	19617
ST__LANDRY__LA	18166	18315	36760
ST__MARTIN__LA	10321	12095	22824
ST__MARY__LA	9547	12877	22694
ST__TAMMANY__LA	24665	75139	100592
TANGIPAHOA__LA	15345	26181	42135
TENSAS__LA	1469	1453	2963
TERREBONNE__LA	13684	26358	40574
UNION__LA	3089	7457	10718
VERMILION__LA	9085	15069	24552
VERNON__LA	4035	11032	15229
WASHINGTON__LA	6554	11006	17841
WEBSTER__LA	6833	11070	18449
WEST_BATON_ROUGE__LA	4932	5822	10835
WEST_CARROLL__LA	1231	3740	5033
WEST_FELICIANA__LA	2214	2932	5218
WINN__LA	2056	4366	6507
ANDROSCOGGIN__ME	30345	24453	55842
AROOSTOOK__ME	18988	17152	36709
CUMBERLAND__ME	76911	56251	135485
FRANKLIN__ME	9410	7315	17136
HANCOCK__ME	17299	13810	31754
KENNEBEC__ME	33167	28363	62831
KNOX__ME	11430	9074	21456
LINCOLN__ME	10548	9676	20608
OXFORD__ME	16825	14354	31914
PENOBSCOT__ME	37775	37339	76414
PISCATAQUIS__ME	4378	5261	9871
SAGADAHOC__ME	10341	9064	19856
SOMERSET__ME	13530	12926	27053
WALDO__ME	11259	10044	21741
WASHINGTON__ME	7998	8207	16496
YORK__ME	53949	45708	101344
ALLEGANY__MD	10576	18980	29855
ANNE_ARUNDEL__MD	103324	133231	239667
BALTIMORE_COUNTY__MD	182474	166051	353479
CALVERT__MD	15967	23017	39351
CAROLINE__MD	3810	7396	11356
CARROLL__MD	22974	55275	79349
CECIL__MD	14680	22556	37674
CHARLES__MD	29354	28442	58241
DORCHESTER__MD	5411	7801	13339
FREDERICK__MD	39503	59934	100594
GARRETT__MD	3291	9085	12484
HARFORD__MD	39685	71565	112728
HOWARD__MD	72257	59724	133810
KENT__MD	4278	4900	9285
MONTGOMERY__MD	273936	136334	415225
PRINCE_GEORGE_S__MD	260532	55532	318474
QUEEN_ANNE_S__MD	7070	14489	21794
ST_MARY_S__MD	13776	23725	37916
SOMERSET__MD	4034	4884	8994
TALBOT__MD	7367	11288	18864
WASHINGTON__MD	20387	36917	57904
WICOMICO__MD	15137	21998	37503
WORCESTER__MD	9648	15349	25229
BALTIMORE_CITY__MD	175022	36230	213563
BARNSTABLE__MA	72156	58527	132148
BERKSHIRE__MA	47743	16806	65291
BRISTOL__MA	147854	82524	232878
DUKES__MA	7265	2602	9997
ESSEX__MA	194068	135114	333233
FRANKLIN__MA	25550	11058	37381
HAMPDEN__MA	113710	70925	186639
HAMPSHIRE__MA	51680	21315	74422
MIDDLESEX__MA	440862	237815	688960
NANTUCKET__MA	3608	2040	5724
NORFOLK__MA	199392	127763	331137
PLYMOUTH__MA	125178	105603	233297
SUFFOLK__MA	182592	54923	240645
WORCESTER__MA	192142	144094	340636
ALCONA__MI	2871	3592	6531
ALGER__MI	2395	2318	4765
ALLEGAN__MI	19355	34022	53907
ALPENA__MI	7407	7665	15211
ANTRIM__MI	5072	8379	13619
ARENAC__MI	4076	4071	8216
BARAGA__MI	1660	1977	3684
BARRY__MI	11312	18638	30272
BAY__MI	31049	25448	57059
BENZIE__MI	4383	5284	9778
BERRIEN__MI	32846	41076	74671
BRANCH__MI	7004	10784	17967
CALHOUN__MI	29891	32093	62667
CASS__MI	9537	12964	22697
CHARLEVOIX__MI	5729	8214	14139
CHEBOYGAN__MI	5941	7798	13887
CHIPPEWA__MI	7203	9122	16488
CLARE__MI	6984	7088	14226
CLINTON__MI	15483	21989	37807
CRAWFORD__MI	3126	4017	7235
DELTA__MI	9381	9680	19238
DICKINSON__MI	5650	7734	13549
EATON__MI	25411	29781	55755
EMMET__MI	6846	10332	17372
GENESEE__MI	128334	83870	213775
GLADWIN__MI	6343	6770	13227
GOGEBIC__MI	4421	3935	8452
GRAND_TRAVERSE__MI	18256	27446	46191
GRATIOT__MI	7377	9834	17379
HILLSDALE__MI	7123	12804	20216
HOUGHTON__MI	6731	8889	15851
HURON__MI	7629	9671	17466
INGHAM__MI	76877	54734	133053
IONIA__MI	10647	16621	27618
IOSCO__MI	6557	7301	14006
IRON__MI	3215	3224	6511
ISABELLA__MI	12334	11754	24390
JACKSON__MI	31025	40029	71795
KALAMAZOO__MI	61462	57147	119783
KALKASKA__MI	3189	5084	8380
KENT__MI	116909	171201	290891
KEWEENAW__MI	630	781	1439
LAKE__MI	2675	2503	5246
LAPEER__MI	18086	25556	44147
LEELANAU__MI	6048	7733	13917
LENAWEE__MI	20787	25675	47012
LIVINGSTON__MI	33991	58860	93742
LUCE__MI	1045	1749	2829
MACKINAC__MI	2819	3706	6599
MACOMB__MI	196160	202166	402410
MANISTEE__MI	6272	6295	12740
MARQUETTE__MI	17412	14690	32488
MASON__MI	6333	8124	14611
MECOSTA__MI	7730	9710	17581
MENOMINEE__MI	5326	5942	11419
MIDLAND__MI	18355	24369	43275
MISSAUKEE__MI	2319	5055	7421
MONROE__MI	36089	37470	74132
MONTCALM__MI	11471	14968	26734
MONTMORENCY__MI	2196	3300	5563
MUSKEGON__MI	44282	35302	80313
NEWAYGO__MI	9057	13608	22873
OAKLAND__MI	319387	316633	641977
OCEANA__MI	5441	6677	12297
OGEMAW__MI	5215	5454	10796
ONTONAGON__MI	1863	2262	4192
OSCEOLA__MI	4467	6599	11188
OSCODA__MI	1792	2570	4409
OTSEGO__MI	4674	7470	12307
OTTAWA__MI	35552	92048	128643
PRESQUE_ISLE__MI	3432	3982	7516
ROSCOMMON__MI	6810	7364	14359
SAGINAW__MI	54887	47165	102852
ST__CLAIR__MI	36174	42740	79743
ST__JOSEPH__MI	9648	15340	25239
SANILAC__MI	7883	12632	20763
SCHOOLCRAFT__MI	2137	2267	4441
SHIAWASSEE__MI	16881	19407	36651
TUSCOLA__MI	12631	15389	28338
VAN_BUREN__MI	16151	17634	34174
WASHTENAW__MI	109953	61455	173264
WAYNE__MI	600047	257750	864728
WEXFORD__MI	6034	8966	15160
AITKIN__MN	4539	4768	9452
ANOKA__MN	80226	91853	174066
BECKER__MN	6756	9795	16801
BELTRAMI__MN	10592	10237	21131
BENTON__MN	8059	10043	18384
BIG_STONE__MN	1536	1483	3067
BLUE_EARTH__MN	16865	15737	33119
BROWN__MN	5158	8395	13778
CARLTON__MN	11462	6642	18334
CARVER__MN	16456	28510	45411
CASS__MN	6835	8875	15910
CHIPPEWA__MN	3424	3089	6606
CHISAGO__MN	12219	15705	28260
CLAY__MN	12989	14365	27737
CLEARWATER__MN	1871	2438	4361
COOK__MN	1733	1489	3303
COTTONWOOD__MN	2726	3557	6369
CROW_WING__MN	14005	19106	33545
DAKOTA__MN	104635	108959	215846
DODGE__MN	4117	5593	9868
DOUGLAS__MN	8219	11793	20309
FARIBAULT__MN	3767	4794	8681
FILLMORE__MN	5825	5694	11698
FREEBORN__MN	9733	7681	17666
GOODHUE__MN	12103	13134	25608
GRANT__MN	1856	1893	3819
HENNEPIN__MN	383842	255135	646984
HOUSTON__MN	5276	5631	11082
HUBBARD__MN	4741	6444	11340
ISANTI__MN	7883	11190	19313
ITASCA__MN	13290	10705	24367
JACKSON__MN	2652	3024	5779
KANABEC__MN	3592	4527	8248
KANDIYOHI__MN	9337	11704	21349
KITTSON__MN	1333	1307	2682
KOOCHICHING__MN	3662	3539	7309
LAC_QUI_PARLE__MN	2390	2093	4541
LAKE__MN	4212	2769	7071
LAKE_OF_THE_WOODS__MN	921	1428	2400
LE_SUEUR__MN	6466	7746	14424
LINCOLN__MN	1558	1736	3342
LYON__MN	5292	7203	12673
MCLEOD__MN	6712	11407	18412
MAHNOMEN__MN	1339	1132	2508
MARSHALL__MN	2308	3187	5562
MARTIN__MN	4590	6311	11047
MEEKER__MN	5292	6854	12334
MILLE_LACS__MN	5677	7194	13065
MORRISON__MN	6794	9698	16758
MOWER__MN	12334	7591	20222
MURRAY__MN	2218	2719	4998
NICOLLET__MN	8797	8689	17741
NOBLES__MN	3898	5159	9204
NORMAN__MN	1954	1794	3810
OLMSTED__MN	33285	37371	71576
OTTER_TAIL__MN	12038	19734	32178
PENNINGTON__MN	3117	3767	7017
PINE__MN	7228	7033	14518
PIPESTONE__MN	1900	3066	5032
POLK__MN	6729	8724	15668
POPE__MN	3301	3303	6700
RAMSEY__MN	171846	97096	272577
RED_LAKE__MN	963	1164	2176
REDWOOD__MN	3104	4898	8139
RENVILLE__MN	3787	4430	8349
RICE__MN	16425	13881	30745
ROCK__MN	2000	3111	5191
ROSEAU__MN	2442	5355	7911
ST__LOUIS__MN	77694	39866	119041
SCOTT__MN	23958	36055	60639
SHERBURNE__MN	15816	25182	41454
SIBLEY__MN	3109	4669	7949
STEARNS__MN	32659	41726	75577
STEELE__MN	7994	10389	18695
STEVENS__MN	2821	3030	5949
SWIFT__MN	3165	2481	5735
TODD__MN	5034	6945	12214
TRAVERSE__MN	1026	1076	2141
WABASHA__MN	5548	6120	11835
WADENA__MN	2791	4214	7093
WASECA__MN	4179	5457	9800
WASHINGTON__MN	61395	65751	128449
WATONWAN__MN	2514	2970	5583
WILKIN__MN	1169	2303	3527
WINONA__MN	14231	12686	27406
WRIGHT__MN	22618	36176	59534
YELLOW_MEDICINE__MN	2799	2878	5758
ADAMS__MS	7844	6487	14376
ALCORN__MS	5425	8605	14181
AMITE__MS	2973	4106	7117
ATTALA__MS	3014	4882	7945
BENTON__MS	2234	1962	4229
BOLIVAR__MS	8560	4722	13427
CALHOUN__MS	2211	4096	6331
CARROLL__MS	1897	3652	5577
CHICKASAW__MS	4078	4193	8343
CHOCTAW__MS	1290	2598	3908
CLAIBORNE__MS	4338	941	5321
CLARKE__MS	2377	5027	7438
CLAY__MS	4732	4333	9111
COAHOMA__MS	6741	3643	10516
COPIAH__MS	4902	6316	11272
COVINGTON__MS	3135	5010	8194
DESOTO__MS	13247	35437	48981
FORREST__MS	9781	15966	25936
FRANKLIN__MS	1566	2883	4473
GEORGE__MS	1715	6182	7950
GREENE__MS	1419	3827	5275
GRENADA__MS	4154	5844	10050
HANCOCK__MS	5023	12332	17550
HARRISON__MS	22555	38781	61810
HINDS__MS	51370	34269	86265
HOLMES__MS	6170	1925	8144
HUMPHREYS__MS	2975	1626	4651
ISSAQUENA__MS	510	437	962
ITAWAMBA__MS	2771	6751	9596
JACKSON__MS	15046	34035	49414
JASPER__MS	4081	3808	7926
JEFFERSON__MS	2798	627	3440
JEFFERSON_DAVIS__MS	2955	2667	5760
JONES__MS	7344	19032	26518
KEMPER__MS	2454	2107	4589
LAFAYETTE__MS	6218	9004	15388
LAMAR__MS	3876	16288	20294
LAUDERDALE__MS	10026	19395	29555
LAWRENCE__MS	2355	4119	6522
LEAKE__MS	3212	4926	8173
LEE__MS	9895	19878	30010
LEFLORE__MS	7240	4427	11684
LINCOLN__MS	4372	9889	14326
LOWNDES__MS	7904	12642	20748
MADISON__MS	12942	24015	37148
MARION__MS	3828	7845	11732
MARSHALL__MS	8472	5932	14486
MONROE__MS	6149	9223	15459
MONTGOMERY__MS	2422	2953	5396
NESHOBA__MS	2515	7581	10133
NEWTON__MS	2274	6156	8472
NOXUBEE__MS	4293	1698	6020
OKTIBBEHA__MS	4178	5485	9742
PANOLA__MS	6540	6734	13330
PEARL_RIVER__MS	4392	14612	19121
PERRY__MS	1259	3729	5010
PIKE__MS	7578	8547	16215
PONTOTOC__MS	2591	8375	11061
PRENTISS__MS	3306	6503	9876
QUITMAN__MS	2032	1360	3416
RANKIN__MS	10738	41971	53365
SCOTT__MS	3780	6364	10175
SHARKEY__MS	1553	1115	3081
SIMPSON__MS	3262	6810	10077
SMITH__MS	1493	5566	7106
STONE__MS	1502	4072	5630
SUNFLOWER__MS	6057	3492	9663
TALLAHATCHIE__MS	3377	2725	6161
TATE__MS	4279	6663	11001
TIPPAH__MS	2983	6048	9113
TISHOMINGO__MS	2775	5288	8165
TUNICA__MS	1934	845	2815
UNION__MS	2710	7422	10199
WALTHALL__MS	2550	3873	6459
WARREN__MS	8244	11773	20117
WASHINGTON__MS	10562	7031	17875
WAYNE__MS	3155	5333	8527
WEBSTER__MS	1318	3668	5002
WILKINSON__MS	2794	1563	4388
WINSTON__MS	3960	5375	9382
YALOBUSHA__MS	2656	3278	5971
YAZOO__MS	4798	5595	10694
ADAIR__MO	4938	6367	11404
ANDREW__MO	3069	5135	8266
ATCHISON__MO	1005	2137	3156
AUDRAIN__MO	4318	6294	10683
BARRY__MO	4223	9599	13927
BARTON__MO	1373	4572	5991
BATES__MO	3398	5004	8466
BENTON__MO	3381	5575	9009
BOLLINGER__MO	1754	4102	5895
BOONE__MO	37643	37801	76046
BUCHANAN__MO	17799	19812	37950
BUTLER__MO	4666	11696	16441
CALDWELL__MO	1645	2593	4268
CALLAWAY__MO	6559	11108	17773
CAMDEN__MO	6296	13122	19519
CAPE_GIRARDEAU__MO	10568	23814	34565
CARROLL__MO	1568	3155	4741
CARTER__MO	964	1797	2779
CASS__MO	16681	27253	44217
CEDAR__MO	1910	4238	6203
CHARITON__MO	1892	2421	4340
CHRISTIAN__MO	9059	22102	31348
CLARK__MO	1794	1899	3736
CLAY__MO	44670	51193	96460
CLINTON__MO	4165	5287	9540
COLE__MO	11753	24752	36701
COOPER__MO	2400	5058	7508
CRAWFORD__MO	3632	5686	9381
DADE__MO	1104	2963	4089
DALLAS__MO	2407	4788	7259
DAVIESS__MO	1402	2351	3794
DEKALB__MO	1707	2941	4686
DENT__MO	1865	4369	6304
DOUGLAS__MO	1741	4498	6327
DUNKLIN__MO	4901	6720	11677
FRANKLIN__MO	18556	26429	45318
GASCONADE__MO	2355	4753	7171
GENTRY__MO	1201	2085	3312
GREENE__MO	46657	77885	125266
GRUNDY__MO	1561	3172	4808
HARRISON__MO	1279	2729	4048
HENRY__MO	4461	6361	10877
HICKORY__MO	2043	2791	4866
HOLT__MO	811	1864	2691
HOWARD__MO	1972	2915	4921
HOWELL__MO	5118	11097	16379
IRON__MO	2157	2477	4679
JACKSON__MO	79029	94439	174570
JASPER__MO	13002	31846	45085
JEFFERSON__MO	46057	46624	93264
JOHNSON__MO	7790	12257	20236
KNOX__MO	761	1207	1978
LACLEDE__MO	4213	10578	14869
LAFAYETTE__MO	6412	9656	16182
LAWRENCE__MO	4506	11194	15806
LEWIS__MO	1754	2862	4644
LINCOLN__MO	8368	11316	19839
LINN__MO	2440	3422	5898
LIVINGSTON__MO	2278	4029	6346
MCDONALD__MO	2215	5443	7725
MACON__MO	2856	4673	7570
MADISON__MO	1972	2905	4918
MARIES__MO	1563	2825	4424
MARION__MO	4568	7815	12453
MERCER__MO	582	1207	1817
MILLER__MO	2959	7797	10831
MISSISSIPPI__MO	2374	2903	5298
MONITEAU__MO	1913	4743	6691
MONROE__MO	1647	2632	4307
MONTGOMERY__MO	2147	3563	5760
MORGAN__MO	3053	5657	8771
NEW_MADRID__MO	3716	4154	7907
NEWTON__MO	6564	17187	23889
NODAWAY__MO	3830	6226	10119
OREGON__MO	1823	2769	4673
OSAGE__MO	1673	4975	6671
OZARK__MO	1561	3083	4707
PEMISCOT__MO	3381	3398	6806
PERRY__MO	2621	5583	8247
PETTIS__MO	5801	11603	17496
PHELPS__MO	6666	11874	18700
PIKE__MO	3670	4314	8040
PLATTE__MO	18412	23302	41970
POLK__MO	3775	8586	12453
PULASKI__MO	3551	8618	12221
PUTNAM__MO	772	1660	2445
RALLS__MO	2031	2986	5034
RANDOLPH__MO	3586	6551	10198
RAY__MO	5034	5673	10788
REYNOLDS__MO	1449	1896	3364
RIPLEY__MO	1907	3693	5653
ST__CHARLES__MO	66855	95826	163488
ST__CLAIR__MO	1841	3098	4965
SAINTE_GENEVIEVE__MO	4281	3791	8146
ST__FRANCOIS__MO	10748	12087	22933
ST__LOUIS_CO___MO	295284	244969	542983
SALINE__MO	4479	5389	9939
SCHUYLER__MO	894	1124	2031
SCOTLAND__MO	828	1352	2197
SCOTT__MO	6057	11330	17448
SHANNON__MO	1618	2511	4167
SHELBY__MO	1201	2280	3502
STODDARD__MO	3946	9242	13252
STONE__MO	4578	10534	15189
SULLIVAN__MO	1178	1880	3089
TANEY__MO	5601	13578	19280
TEXAS__MO	3664	7234	11018
VERNON__MO	3206	5732	8992
WARREN__MO	5461	7883	13432
WASHINGTON__MO	4459	4641	9178
WAYNE__MO	2250	3919	6204
WEBSTER__MO	4657	10194	14944
WORTH__MO	436	691	1132
WRIGHT__MO	2188	6090	8346
ST__LOUIS__MO	116133	27793	144638
BEAVERHEAD__MT	1103	3067	4242
BIG_HORN__MT	2215	2028	4311
BLAINE__MT	1300	1424	2768
BROADWATER__MT	533	1778	2353
CARBON__MT	1847	3342	5321
CARTER__MT	76	623	709
CASCADE__MT	13701	19028	33459
CHOUTEAU__MT	946	1913	2921
CUSTER__MT	1630	3297	5048
DANIELS__MT	326	764	1119
DAWSON__MT	1494	2884	4484
DEER_LODGE__MT	2700	1725	4543
FALLON__MT	289	1178	1491
FERGUS__MT	1582	4425	6127
FLATHEAD__MT	11587	26019	38678
GALLATIN__MT	16405	22392	39841
GARFIELD__MT	52	590	655
GLACIER__MT	2641	1828	4562
GOLDEN_VALLEY__MT	119	396	522
GRANITE__MT	404	1144	1605
HILL__MT	2997	3505	6657
JEFFERSON__MT	1881	3844	5868
JUDITH_BASIN__MT	322	944	1286
LAKE__MT	4960	7245	12576
LEWIS_AND_CLARK__MT	12717	16494	29842
LIBERTY__MT	281	734	1033
LINCOLN__MT	2320	5889	8447
MCCONE__MT	320	791	1137
MADISON__MT	983	2868	3933
MEAGHER__MT	247	698	973
MINERAL__MT	542	1242	1837
MISSOULA__MT	26983	23989	52452
MUSSELSHELL__MT	538	1663	2247
PARK__MT	3199	4771	8217
PETROLEUM__MT	55	228	292
PHILLIPS__MT	456	1677	2170
PONDERA__MT	956	1853	2860
POWDER_RIVER__MT	154	856	1029
POWELL__MT	761	1993	2830
PRAIRIE__MT	181	546	736
RAVALLI__MT	6144	13279	19866
RICHLAND__MT	1120	3110	4308
ROOSEVELT__MT	2195	1762	4028
ROSEBUD__MT	1520	1982	3585
SANDERS__MT	1502	3461	5153
SHERIDAN__MT	846	1159	2038
SILVER_BOW__MT	9307	6381	16084
STILLWATER__MT	1025	3090	4213
SWEET_GRASS__MT	445	1509	1983
TETON__MT	1047	2232	3359
TOOLE__MT	690	1583	2311
TREASURE__MT	121	348	482
VALLEY__MT	1431	2476	4018
WHEATLAND__MT	250	706	979
WIBAUX__MT	144	407	560
YELLOWSTONE__MT	24120	40903	66286
ADAMS__NE	3791	9233	13286
ANTELOPE__NE	613	2761	3424
ARTHUR__NE	24	240	266
BANNER__NE	56	379	437
BLAINE__NE	38	301	339
BOONE__NE	546	2309	2895
BOX_BUTTE__NE	1657	3396	5152
BOYD__NE	228	911	1148
BROWN__NE	268	1426	1733
BUFFALO__NE	4100	14222	18608
BURT__NE	1272	2349	3668
BUTLER__NE	1068	3016	4168
CASS__NE	3619	7763	11529
CEDAR__NE	1083	3387	4536
CHASE__NE	302	1652	1973
CHERRY__NE	483	2509	3042
CHEYENNE__NE	893	3791	4746
CLAY__NE	743	2543	3337
COLFAX__NE	990	2589	3633
CUMING__NE	966	3330	4349
CUSTER__NE	1040	4518	5612
DAKOTA__NE	3027	3526	6615
DAWES__NE	1119	2809	3994
DAWSON__NE	1728	6149	7956
DEUEL__NE	222	820	1053
DIXON__NE	938	2028	3009
DODGE__NE	5250	10716	16172
DOUGLAS__NE	83330	120813	207071
DUNDY__NE	186	858	1053
FILLMORE__NE	828	2314	3193
FRANKLIN__NE	412	1277	1714
FRONTIER__NE	275	1160	1467
FURNAS__NE	492	1950	2467
GAGE__NE	3655	6575	10384
GARDEN__NE	201	970	1183
GARFIELD__NE	196	806	1017
GOSPER__NE	222	890	1119
GRANT__NE	41	352	396
GREELEY__NE	361	865	1248
HALL__NE	6228	14592	21154
HAMILTON__NE	1012	3785	4866
HARLAN__NE	398	1467	1897
HAYES__NE	66	524	598
HITCHCOCK__NE	296	1171	1486
HOLT__NE	894	4217	5174
HOOKER__NE	64	392	461
HOWARD__NE	900	2020	2979
JEFFERSON__NE	1352	2600	4011
JOHNSON__NE	885	1470	2394
KEARNEY__NE	707	2621	3379
KEITH__NE	743	3356	4137
KEYA_PAHA__NE	98	442	549
KIMBALL__NE	366	1491	1877
KNOX__NE	1086	3062	4213
LANCASTER__NE	52747	69764	124509
LINCOLN__NE	4905	11056	16199
LOGAN__NE	67	357	429
LOUP__NE	68	314	386
MCPHERSON__NE	49	259	312
MADISON__NE	2934	10981	14089
MERRICK__NE	833	2771	3657
MORRILL__NE	495	1755	2293
NANCE__NE	459	1237	1731
NEMAHA__NE	1066	2595	3715
NUCKOLLS__NE	541	1884	2471
OTOE__NE	2275	5018	7386
PAWNEE__NE	481	986	1483
PERKINS__NE	262	1285	1558
PHELPS__NE	830	3872	4743
PIERCE__NE	546	2824	3398
PLATTE__NE	2657	11130	13987
POLK__NE	549	2146	2727
RED_WILLOW__NE	1055	4129	5258
RICHARDSON__NE	1297	2924	4278
ROCK__NE	130	740	883
SALINE__NE	2420	3071	5566
SARPY__NE	17455	40163	58334
SAUNDERS__NE	2884	6441	9489
SCOTTS_BLUFF__NE	3843	10378	14390
SEWARD__NE	2114	5353	7565
SHERIDAN__NE	430	2136	2599
SHERMAN__NE	541	1072	1643
SIOUX__NE	123	677	809
STANTON__NE	559	2159	2745
THAYER__NE	764	2075	2878
THOMAS__NE	60	378	444
THURSTON__NE	1212	1154	2387
VALLEY__NE	564	1801	2391
WASHINGTON__NE	2754	7083	9950
WAYNE__NE	1059	2971	4085
WEBSTER__NE	557	1403	2002
WHEELER__NE	81	366	453
YORK__NE	1304	5393	6797
CHURCHILL__NV	2705	7335	10237
CLARK__NV	281767	255337	545397
DOUGLAS__NV	8275	15192	23898
ELKO__NV	3050	11938	15309
ESMERALDA__NV	99	367	481
EUREKA__NV	144	571	738
HUMBOLDT__NV	1361	3896	5367
LANDER__NV	414	1602	2053
LINCOLN__NV	418	1579	2047
LYON__NV	5637	11136	17151
MINERAL__NV	931	1336	2327
NYE__NV	5616	8487	14510
PERSHING__NV	538	1341	1917
STOREY__NV	871	1253	2168
WASHOE__NV	74841	81545	159079
WHITE_PINE__NV	1082	2604	3802
CARSON_CITY__NV	9441	13171	23106
BELKNAP__NH	14080	17920	32298
CARROLL__NH	13319	14614	28222
CHESHIRE__NH	24438	16463	41337
COOS__NH	8585	8143	16919
GRAFTON__NH	26180	20277	46962
HILLSBOROUGH__NH	94121	99724	195427
MERRIMACK__NH	39975	36060	76655
ROCKINGHAM__NH	75437	82069	158766
STRAFFORD__NH	32942	25825	59280
SULLIVAN__NH	11434	10142	21796
ATLANTIC__NJ	55746	49487	106097
BERGEN__NJ	207666	189833	400244
BURLINGTON__NJ	110411	95936	207956
CAMDEN__NJ	137765	81427	220933
CAPE_MAY__NJ	21475	28832	50762
CUMBERLAND__NJ	27875	24362	53185
ESSEX__NJ	203681	83374	289348
GLOUCESTER__NJ	66835	60033	127964
HUDSON__NJ	127447	60646	189446
HUNTERDON__NJ	26050	39888	66680
MERCER__NJ	91580	56604	149510
MIDDLESEX__NJ	166628	126492	295805
MONMOUTH__NJ	133773	163650	299939
MORRIS__NJ	98066	135241	235154
OCEAN__NJ	99839	152204	254306
PASSAIC__NJ	94962	75200	171311
SALEM__NJ	13749	15721	29781
SOMERSET__NJ	66476	72508	140279
SUSSEX__NJ	23990	44506	69396
UNION__NJ	119372	82517	203387
WARREN__NJ	18044	29542	48208
BERNALILLO__NM	132252	121454	256811
CATRON__NM	551	1427	1993
CHAVES__NM	6726	14773	21705
CIBOLA__NM	3913	3477	7487
COLFAX__NM	2824	3082	5968
CURRY__NM	3541	10649	14286
DE_BACA__NM	281	706	993
DONA_ANA__NM	31762	29548	61960
EDDY__NM	6880	13268	20270
GRANT__NM	7095	6135	13392
GUADALUPE__NM	1340	914	2267
HARDING__NM	259	380	644
HIDALGO__NM	861	1081	1964
LEA__NM	3646	14430	18181
LINCOLN__NM	2822	6070	9014
LOS_ALAMOS__NM	5206	5810	11197
LUNA__NM	3340	4164	7593
MCKINLEY__NM	13051	7351	20623
MORA__NM	1876	928	2826
OTERO__NM	6433	14066	20764
QUAY__NM	1422	2661	4117
RIO_ARRIBA__NM	9753	5149	14999
ROOSEVELT__NM	2082	4997	7144
SANDOVAL__NM	21421	22628	44541
SAN_JUAN__NM	14843	29525	45006
SAN_MIGUEL__NM	8683	3313	12116
SANTA_FE__NM	47074	18466	66200
SIERRA__NM	1926	3162	5157
SOCORRO__NM	4025	3696	7851
TAOS__NM	10987	3666	14835
TORRANCE__NM	2386	4026	6507
UNION__NM	411	1454	1881
VALENCIA__NM	11270	14474	26012
KANSAS__MO	104625	36061	141423
ALBANY__NY	86213	52369	147199
ALLEGANY__NY	6392	11894	19270
BRONX__NY	276938	53738	342929
BROOME__NY	44496	42100	91890
CATTARAUGUS__NY	13087	19028	34262
CAYUGA__NY	16913	16626	36052
CHAUTAUQUA__NY	26369	30734	60942
CHEMUNG__NY	16639	20742	39075
CHENANGO__NY	9003	11144	21341
CLINTON__NY	17040	14633	33736
COLUMBIA__NY	15238	13325	31103
CORTLAND__NY	10354	11085	22760
DELAWARE__NY	8425	11474	21166
DUTCHESS__NY	56533	59323	123881
ERIE__NY	240563	173198	445138
ESSEX__NY	8474	9390	19082
FRANKLIN__NY	9286	8103	18316
FULTON__NY	8919	12042	22215
GENESEE__NY	9970	15701	27580
GREENE__NY	8607	12159	22398
HAMILTON__NY	1120	2358	3692
HERKIMER__NY	11383	15265	28310
JEFFERSON__NY	16342	20248	38800
KINGS__NY	494165	159200	687780
LEWIS__NY	4417	6348	11397
LIVINGSTON__NY	11107	16885	29948
MADISON__NY	12665	15584	30287
MONROE__NY	168088	153374	342981
MONTGOMERY__NY	9175	10763	21221
NASSAU__NY	317283	273502	618343
NEW_YORK__NY	509841	104883	641747
NIAGARA__NY	45644	44525	96580
ONEIDA__NY	39658	49569	95369
ONONDAGA__NY	112618	88123	214589
ONTARIO__NY	20503	26611	50102
ORANGE__NY	61642	75010	144673
ORLEANS__NY	5734	9796	16573
OSWEGO__NY	23261	24675	51607
OTSEGO__NY	12402	12768	26652
PUTNAM__NY	18892	24397	46563
QUEENS__NY	422609	157948	605062
RENSSELAER__NY	34741	32290	72514
RICHMOND__NY	66255	85302	160126
ROCKLAND__NY	62391	61510	131231
ST__LAWRENCE__NY	22173	17310	41755
SARATOGA__NY	47367	53709	106873
SCHENECTADY__NY	34762	30002	69469
SCHOHARIE__NY	5455	8148	14557
SCHUYLER__NY	3290	4727	8590
SENECA__NY	6771	7603	15325
STEUBEN__NY	14090	26066	42284
SUFFOLK__NY	307011	292186	638712
SULLIVAN__NY	14447	14398	30966
TIOGA__NY	9415	13343	23902
TOMPKINS__NY	25659	13539	42402
ULSTER__NY	45530	35234	87712
WARREN__NY	13054	16213	31059
WASHINGTON__NY	10295	13148	25103
WAYNE__NY	15093	23126	41200
WESTCHESTER__NY	224992	151261	395770
WYOMING__NY	5894	11185	18164
YATES__NY	4062	6053	10711
ALAMANCE__NC	20686	33302	54175
ALEXANDER__NC	4618	10928	15600
ALLEGHANY__NC	1922	2883	4827
ANSON__NC	5413	3796	9225
ASHE__NC	4477	7292	11823
AVERY__NC	1805	5678	7524
BEAUFORT__NC	7025	12432	19522
BERTIE__NC	4938	3057	8032
BLADEN__NC	6109	6174	12313
BRUNSWICK__NC	14903	22925	37977
BUNCOMBE__NC	51868	52491	105013
BURKE__NC	11728	18922	30762
CABARRUS__NC	19803	40780	60824
CALDWELL__NC	9999	21186	31348
CAMDEN__NC	1339	2480	3830
CARTERET__NC	7732	17716	25575
CASWELL__NC	4539	4868	9437
CATAWBA__NC	18858	39602	58688
CHATHAM__NC	12897	12892	25922
CHEROKEE__NC	3635	7517	11199
CHOWAN__NC	2406	2967	5386
CLAY__NC	1628	3209	4866
CLEVELAND__NC	14215	22750	37079
COLUMBUS__NC	10343	10773	21191
CRAVEN__NC	14019	23575	37756
CUMBERLAND__NC	45788	49139	95226
CURRITUCK__NC	2909	6013	8976
DARE__NC	6136	9345	15548
DAVIDSON__NC	17191	42075	59496
DAVIE__NC	4233	12372	16680
DUPLIN__NC	6923	9611	16583
DURHAM__NC	74524	34614	109651
EDGECOMBE__NC	12877	8163	21079
FORSYTH__NC	63340	75294	139125
FRANKLIN__NC	9286	11540	20918
GASTON__NC	20254	43252	63755
GATES__NC	2121	1924	4053
GRAHAM__NC	1272	2693	3987
GRANVILLE__NC	9057	9491	18601
GREENE__NC	2665	3800	6472
GUILFORD__NC	100042	98254	199314
HALIFAX__NC	11528	8088	19647
HARNETT__NC	11563	20922	32571
HAYWOOD__NC	11237	14545	25932
HENDERSON__NC	15003	28025	43234
HERTFORD__NC	5141	2942	8132
HOKE__NC	5794	5257	11088
HYDE__NC	1048	1235	2293
IREDELL__NC	18065	38675	56973
JACKSON__NC	6737	7351	14174
JOHNSTON__NC	17266	36903	54357
JONES__NC	1893	2607	4513
LEE__NC	7657	11834	19543
LENOIR__NC	10207	12939	23179
LINCOLN__NC	9434	20052	29579
MCDOWELL__NC	5330	10590	16002
MACON__NC	5489	9448	15024
MADISON__NC	4234	5175	9463
MARTIN__NC	5102	5334	10452
MECKLENBURG__NC	166828	155084	323102
MITCHELL__NC	2080	5686	7798
MONTGOMERY__NC	4313	5745	10080
MOORE__NC	13555	24714	38382
NASH__NC	15693	21902	37673
NEW_HANOVER__NC	35572	45351	81247
NORTHAMPTON__NC	5584	3176	8770
ONSLOW__NC	11250	25890	37277
ORANGE__NC	42910	20771	64153
PAMLICO__NC	2335	3679	6038
PASQUOTANK__NC	6984	6609	13648
PENDER__NC	6999	10037	17085
PERQUIMANS__NC	1971	2965	4958
PERSON__NC	6198	8973	15214
PITT__NC	24924	28590	53643
POLK__NC	3787	5140	9021
RANDOLPH__NC	12966	37771	50910
RICHMOND__NC	8383	7709	16145
ROBESON__NC	17868	15909	33871
ROCKINGHAM__NC	14430	22840	37388
ROWAN__NC	16735	34915	51867
RUTHERFORD__NC	8184	16343	24658
SAMPSON__NC	9649	12600	22288
SCOTLAND__NC	6386	5141	11547
STANLY__NC	7650	17814	25553
STOKES__NC	5767	13583	19414
SURRY__NC	8304	17587	25992
SWAIN__NC	2419	2593	5044
TRANSYLVANIA__NC	6097	9386	15588
TYRRELL__NC	731	855	1590
UNION__NC	17974	42820	61001
VANCE__NC	8762	6884	15677
WAKE__NC	169909	177324	348844
WARREN__NC	5171	2840	8027
WASHINGTON__NC	2969	2484	5471
WATAUGA__NC	11232	12659	24050
WAYNE__NC	15076	24883	40046
WILKES__NC	7862	19197	27154
WILSON__NC	14206	16264	30535
YADKIN__NC	3451	11816	15313
YANCEY__NC	4434	4940	9431
ADAMS__ND	353	915	1291
BARNES__ND	2186	3541	5813
BENSON__ND	1196	1002	2246
BILLINGS__ND	99	449	564
BOTTINEAU__ND	1168	2468	3674
BOWMAN__ND	397	1280	1716
BURKE__ND	336	808	1165
BURLEIGH__ND	11621	26577	38814
CASS__ND	26010	39619	66711
CAVALIER__ND	887	1522	2444
DICKEY__ND	883	1890	2821
DIVIDE__ND	487	751	1268
DUNN__ND	571	1178	1774
EDDY__ND	534	655	1213
EMMONS__ND	611	1449	2113
FOSTER__ND	518	1219	1766
GOLDEN_VALLEY__ND	195	719	927
GRAND_FORKS__ND	12646	17298	30470
GRANT__ND	264	952	1242
GRIGGS__ND	505	907	1439
HETTINGER__ND	405	1044	1494
KIDDER__ND	433	902	1369
LAMOURE__ND	712	1592	2335
LOGAN__ND	265	844	1130
MCHENRY__ND	1030	1744	2820
MCINTOSH__ND	436	1254	1722
MCKENZIE__ND	847	1897	2762
MCLEAN__ND	1664	3014	4750
MERCER__ND	1245	3285	4617
MORTON__ND	4073	8325	12633
MOUNTRAIL__ND	1465	1527	3030
NELSON__ND	778	1107	1922
OLIVER__ND	310	790	1119
PEMBINA__ND	1321	2466	3856
PIERCE__ND	686	1475	2195
RAMSEY__ND	1885	2943	4900
RANSOM__ND	1199	1352	2602
RENVILLE__ND	497	953	1469
RICHLAND__ND	2821	5264	8215
ROLETTE__ND	2564	1392	4044
SARGENT__ND	1021	1147	2200
SHERIDAN__ND	200	727	944
SIOUX__ND	804	319	1140
SLOPE__ND	89	335	432
STARK__ND	3013	7220	10400
STEELE__ND	616	586	1213
STUTSMAN__ND	3438	6517	10122
TOWNER__ND	606	754	1391
TRAILL__ND	1651	2543	4248
WALSH__ND	1905	3194	5186
WARD__ND	8236	17008	25612
WELLS__ND	858	1654	2561
WILLIAMS__ND	2512	6278	8929
ADAMS__OH	4280	7653	11999
ALLEN__OH	16483	32585	49274
ASHLAND__OH	8555	16171	24920
ASHTABULA__OH	24061	21039	45409
ATHENS__OH	18997	10847	30044
AUGLAIZE__OH	5904	17012	23031
BELMONT__OH	17574	15589	33320
BROWN__OH	7140	12647	19892
BUTLER__OH	56234	109866	166802
CARROLL__OH	6298	7695	14110
CHAMPAIGN__OH	6967	11718	18775
CLARK__OH	33534	34938	68803
CLERMONT__OH	25885	62946	89042
CLINTON__OH	5417	12938	18414
COLUMBIANA__OH	23426	25754	49463
COSHOCTON__OH	6878	9277	16242
CRAWFORD__OH	7773	13885	21801
CUYAHOGA__OH	448486	221606	673766
DARKE__OH	7849	18307	26317
DEFIANCE__OH	6975	11393	18512
DELAWARE__OH	27048	53142	80455
ERIE__OH	21408	18601	40076
FAIRFIELD__OH	24774	42697	67855
FAYETTE__OH	4334	7375	11756
FRANKLIN__OH	285800	237252	525824
FULTON__OH	8224	13639	21953
GALLIA__OH	5364	8577	13992
GEAUGA__OH	19840	30358	50419
GREENE__OH	30530	48377	79272
GUERNSEY__OH	7768	9961	17840
HAMILTON__OH	199499	222404	423634
HANCOCK__OH	10343	25101	35606
HARDIN__OH	4889	8436	13385
HARRISON__OH	3780	4274	8109
HENRY__OH	5110	9901	15103
HIGHLAND__OH	6194	12212	18482
HOCKING__OH	6173	6935	13196
HOLMES__OH	2695	8466	11218
HURON__OH	10585	14834	25592
JACKSON__OH	5699	8585	14333
JEFFERSON__OH	19019	17184	36366
KNOX__OH	9828	17081	27066
LAKE__OH	59049	62193	121823
LAWRENCE__OH	12111	15457	27706
LICKING__OH	30051	49014	79416
LOGAN__OH	6825	14471	21398
LORAIN__OH	78965	61196	140730
LUCAS__OH	132536	87106	220189
MADISON__OH	6200	11120	17398
MAHONING__OH	83069	48712	132731
MARION__OH	11930	17171	29258
MEDINA__OH	36264	48183	84867
MEIGS__OH	4437	6273	10771
MERCER__OH	5117	15649	20888
MIAMI__OH	17611	34005	51780
MONROE__OH	4243	3424	7729
MONTGOMERY__OH	142977	138361	282553
MORGAN__OH	2873	3757	6700
MORROW__OH	5775	10475	16329
MUSKINGUM__OH	16421	22251	38863
NOBLE__OH	2654	3841	6540
OTTAWA__OH	11114	12075	23257
PAULDING__OH	3610	6205	9879
PERRY__OH	7257	7855	15188
PICKAWAY__OH	8578	14160	22850
PIKE__OH	5989	6519	12575
PORTAGE__OH	40674	35583	76646
PREBLE__OH	7274	13733	21126
PUTNAM__OH	4392	14370	18849
RICHLAND__OH	24645	36892	61867
ROSS__OH	13977	17229	31669
SANDUSKY__OH	12653	16198	28955
SCIOTO__OH	16823	18257	35197
SENECA__OH	10958	15885	26991
SHELBY__OH	6534	16204	22854
STARK__OH	95338	92211	188456
SUMMIT__OH	156578	118553	276304
TRUMBULL__OH	66673	40976	108144
TUSCARAWAS__OH	18854	23825	42904
UNION__OH	6665	15869	22630
VAN_WERT__OH	4094	10678	14826
VINTON__OH	2651	3251	5930
WARREN__OH	26043	68035	94419
WASHINGTON__OH	12475	17480	30101
WAYNE__OH	19786	31879	51848
WILLIAMS__OH	6481	12040	18639
WOOD__OH	29401	33592	63346
WYANDOT__OH	3707	7256	11044
ADAIR__OK	2562	4971	7533
ALFALFA__OK	470	2201	2671
ATOKA__OK	1946	3142	5088
BEAVER__OK	297	2272	2569
BECKHAM__OK	1931	5454	7385
BLAINE__OK	1222	3199	4421
BRYAN__OK	5745	8615	14360
CADDO__OK	3916	6491	10407
CANADIAN__OK	9712	33297	43009
CARTER__OK	6466	12178	18644
CHEROKEE__OK	8623	9569	18192
CHOCTAW__OK	2639	3168	5807
CIMARRON__OK	184	1242	1426
CLEVELAND__OK	34007	65720	99727
COAL__OK	1203	1396	2599
COMANCHE__OK	12022	21170	33192
COTTON__OK	898	1742	2640
CRAIG__OK	2504	3894	6398
CREEK__OK	9929	18848	28777
CUSTER__OK	2801	7839	10640
DELAWARE__OK	5591	10017	15608
DEWEY__OK	408	1843	2251
ELLIS__OK	395	1685	2080
GARFIELD__OK	5586	17685	23271
GARVIN__OK	3707	7610	11317
GRADY__OK	5970	14136	20106
GRANT__OK	571	1950	2521
GREER__OK	719	1529	2248
HARMON__OK	354	838	1192
HARPER__OK	268	1397	1665
HASKELL__OK	2378	2946	5324
HUGHES__OK	2283	3066	5349
JACKSON__OK	2232	7024	9256
JEFFERSON__OK	1057	1546	2603
JOHNSTON__OK	1713	2635	4348
KAY__OK	5957	14121	20078
KINGFISHER__OK	1022	5630	6652
KIOWA__OK	1413	2610	4023
LATIMER__OK	1945	2535	4480
LE_FLORE__OK	6741	10683	17424
LINCOLN__OK	4041	10149	14190
LOGAN__OK	4869	11474	16343
LOVE__OK	1538	2295	3833
MCCLAIN__OK	3742	10041	13783
MCCURTAIN__OK	3684	7472	11156
MCINTOSH__OK	4488	4692	9180
MAJOR__OK	537	3122	3659
MARSHALL__OK	2088	3363	5451
MAYES__OK	6933	9946	16879
MURRAY__OK	2130	3665	5795
MUSKOGEE__OK	12585	15124	27709
NOBLE__OK	1335	3993	5328
NOWATA__OK	1660	2805	4465
OKFUSKEE__OK	1743	2542	4285
OKLAHOMA__OK	97298	174741	272039
OKMULGEE__OK	7367	8363	15730
OSAGE__OK	8068	11467	19535
OTTAWA__OK	5086	7443	12529
PAWNEE__OK	2564	4412	6976
PAYNE__OK	10101	19560	29661
PITTSBURG__OK	7452	11134	18586
PONTOTOC__OK	5165	9647	14812
POTTAWATOMIE__OK	8638	17215	25853
PUSHMATAHA__OK	1934	2863	4797
ROGER_MILLS__OK	382	1388	1770
ROGERS__OK	11918	24976	36894
SEMINOLE__OK	3648	5624	9272
SEQUOYAH__OK	5910	8865	14775
STEPHENS__OK	5515	13646	19161
TEXAS__OK	1016	5450	6466
TILLMAN__OK	1175	2273	3448
TULSA__OK	90220	163452	253672
WAGONER__OK	9157	19081	28238
WASHINGTON__OK	6862	16551	23413
WASHITA__OK	1340	3705	5045
WOODS__OK	932	3166	4098
WOODWARD__OK	1458	6193	7651
BAKER__OR	2616	6253	9034
BENTON__OR	26515	18460	45735
CLACKAMAS__OR	95129	97691	195000
CLATSOP__OR	10461	8503	19309
COLUMBIA__OR	12563	11868	24917
COOS__OR	14393	18291	33362
CROOK__OR	3024	6830	10051
CURRY__OR	5220	7332	12799
DESCHUTES__OR	31179	41757	74048
DOUGLAS__OR	18089	35956	54984
GILLIAM__OR	370	755	1138
GRANT__OR	780	3204	4061
HARNEY__OR	839	2815	3702
HOOD_RIVER__OR	5587	4124	9859
JACKSON__OR	44366	56519	102189
JEFFERSON__OR	3243	4762	8115
JOSEPHINE__OR	15214	26241	42275
KLAMATH__OR	8264	22733	31515
LAKE__OR	802	3039	3905
LANE__OR	107769	75007	185872
LINCOLN__OR	13753	10160	24325
LINN__OR	19940	31260	52041
MALHEUR__OR	2577	8123	10846
MARION__OR	57671	69900	129619
MORROW__OR	1361	2732	4149
MULTNOMAH__OR	259585	98439	362694
POLK__OR	15484	19508	35489
SHERMAN__OR	390	694	1104
TILLAMOOK__OR	6750	7003	13951
UMATILLA__OR	8884	17068	26322
UNION__OR	4428	8879	13519
WALLOWA__OR	1269	3132	4521
WASCO__OR	5691	6119	12002
WASHINGTON__OR	121140	107223	231308
WHEELER__OR	245	612	880
YAMHILL__OR	17572	23839	42142
ADAMS__PA	13764	28247	42228
ALLEGHENY__PA	368912	271925	645469
ARMSTRONG__PA	12025	18925	31097
BEAVER__PA	42146	39916	82543
BEDFORD__PA	6016	16606	22679
BERKS__PA	76309	87122	164487
BLAIR__PA	18105	35751	54178
BRADFORD__PA	8590	16942	25652
BUCKS__PA	163438	154469	319816
BUTLER__PA	30090	54959	85425
CAMBRIA__PA	32591	34048	66983
CAMERON__PA	794	1599	2406
CARBON__PA	12223	12519	25043
CENTRE__PA	30733	33133	64253
CHESTER__PA	109708	120036	230823
CLARION__PA	6049	11063	17184
CLEARFIELD__PA	13518	20533	34233
CLINTON__PA	5823	8035	13967
COLUMBIA__PA	10679	16052	26869
CRAWFORD__PA	16013	21965	38322
CUMBERLAND__PA	37928	67648	106082
DAUPHIN__PA	55299	65296	121208
DELAWARE__PA	162601	120425	284538
ELK__PA	6602	7872	14550
ERIE__PA	67921	57372	125898
FAYETTE__PA	29120	25045	54707
FOREST__PA	989	1571	2573
FRANKLIN__PA	16562	41817	58569
FULTON__PA	1475	4772	6271
GREENE__PA	7674	7786	15565
HUNTINGDON__PA	5879	12126	18058
INDIANA__PA	15831	20254	36248
JEFFERSON__PA	6073	13371	19560
JUNIATA__PA	2797	7144	10006
LACKAWANNA__PA	59573	44766	105819
LANCASTER__PA	74328	145591	221278
LAWRENCE__PA	21387	21938	43442
LEBANON__PA	18109	37089	55665
LEHIGH__PA	73940	70160	145091
LUZERNE__PA	69573	64953	136028
LYCOMING__PA	15681	33961	50049
MCKEAN__PA	6294	10941	17426
MERCER__PA	24831	26311	51564
MIFFLIN__PA	4889	11726	16802
MONROE__PA	27967	27971	56342
MONTGOMERY__PA	222048	175741	399591
MONTOUR__PA	2666	4903	7624
NORTHAMPTON__PA	63446	62102	126740
NORTHUMBERLAND__PA	14602	22262	37134
PERRY__PA	5423	13919	19427
PHILADELPHIA__PA	542205	130099	674069
PIKE__PA	8656	12444	21299
POTTER__PA	2268	5640	7962
SCHUYLKILL__PA	29231	35640	65269
SNYDER__PA	4348	10566	14983
SOMERSET__PA	12842	23802	36778
SULLIVAN__PA	1213	2056	3285
SUSQUEHANNA__PA	7351	11573	19040
TIOGA__PA	5437	12019	17571
UNION__PA	5700	10334	16123
VENANGO__PA	9024	14472	23659
WARREN__PA	8044	10999	19273
WASHINGTON__PA	48225	47673	96177
WAYNE__PA	8060	13713	21967
WESTMORELAND__PA	77774	100087	178696
WYOMING__PA	4982	7782	12832
YORK__PA	63701	114270	179269
BRISTOL__RI	14448	9855	24677
KENT__RI	42830	33699	77842
NEWPORT__RI	22992	16622	40337
PROVIDENCE__RI	144811	82337	230947
WASHINGTON__RI	34679	26533	62486
ABBEVILLE__SC	4389	5436	9925
AIKEN__SC	19799	39077	59492
ALLENDALE__SC	2565	985	3591
ANDERSON__SC	20697	43355	64722
BAMBERG__SC	3841	2138	6036
BARNWELL__SC	3982	4606	8685
BEAUFORT__SC	21505	33331	55235
BERKELEY__SC	20142	32104	52937
CALHOUN__SC	3393	3448	6919
CHARLESTON__SC	63758	70297	136316
CHEROKEE__SC	6466	12090	18714
CHESTER__SC	5790	5798	11729
CHESTERFIELD__SC	6729	7252	14049
CLARENDON__SC	7087	6061	13200
COLLETON__SC	6699	7264	14106
DARLINGTON__SC	11829	13416	25454
DILLON__SC	4832	4301	9235
DORCHESTER__SC	14733	26006	41317
EDGEFIELD__SC	4051	5611	9746
FAIRFIELD__SC	5764	3531	9435
FLORENCE__SC	21442	27689	49545
GEORGETOWN__SC	10602	12606	23593
GREENVILLE__SC	55347	111481	168833
GREENWOOD__SC	8954	14264	23442
HAMPTON__SC	4832	3097	8016
HORRY__SC	29547	50447	81347
JASPER__SC	3840	2933	6846
KERSHAW__SC	8515	14160	22915
LANCASTER__SC	7631	12916	20814
LAURENS__SC	9205	14466	23829
LEE__SC	4960	2901	7898
LEXINGTON__SC	25393	67132	93432
MCCORMICK__SC	2648	2396	5122
MARION__SC	7767	5589	13507
MARLBORO__SC	4984	3423	8560
NEWBERRY__SC	4483	7654	12409
OCONEE__SC	8395	18811	27532
ORANGEBURG__SC	24698	12695	37564
PICKENS__SC	10287	29759	40510
RICHLAND__SC	76283	56212	133801
SALUDA__SC	3001	4537	7578
SPARTANBURG__SC	33633	62004	96758
SUMTER__SC	18695	18074	37003
UNION__SC	5236	6592	11934
WILLIAMSBURG__SC	9044	4795	13918
YORK__SC	24226	45234	70181
AURORA__SD	620	1009	1649
BEADLE__SD	3443	4917	8480
BENNETT__SD	759	833	1630
BON_HOMME__SD	1293	2063	3408
BROOKINGS__SD	5443	7662	13375
BROWN__SD	7943	10386	18599
BRULE__SD	1040	1544	2629
BUFFALO__SD	603	223	841
BUTTE__SD	1009	3166	4271
CAMPBELL__SD	239	708	959
CHARLES_MIX__SD	2155	2556	4798
CLARK__SD	875	1435	2327
CLAY__SD	3315	2692	6136
CODINGTON__SD	4803	7778	12751
CORSON__SD	972	720	1724
CUSTER__SD	1272	2922	4304
DAVISON__SD	3263	5561	8952
DAY__SD	1817	1671	3540
DEUEL__SD	961	1406	2412
DEWEY__SD	1606	921	2564
DOUGLAS__SD	393	1596	2012
EDMUNDS__SD	765	1434	2234
FALL_RIVER__SD	1326	2413	3845
FAULK__SD	418	945	1369
GRANT__SD	1633	2392	4090
GREGORY__SD	813	1685	2546
HAAKON__SD	219	1007	1240
HAMLIN__SD	1015	1946	3011
HAND__SD	668	1482	2187
HANSON__SD	745	1379	2150
HARDING__SD	94	704	815
HUGHES__SD	2697	6017	8835
HUTCHINSON__SD	1177	2899	4147
HYDE__SD	259	631	900
JACKSON__SD	508	726	1271
JERAULD__SD	482	736	1236
JONES__SD	134	565	717
KINGSBURY__SD	1163	1804	3014
LAKE__SD	2509	3359	6007
LAWRENCE__SD	3857	7489	11619
LINCOLN__SD	5703	11161	17066
LYMAN__SD	872	1029	1940
MCCOOK__SD	1201	2017	3271
MCPHERSON__SD	369	1180	1579
MARSHALL__SD	1099	1242	2364
MEADE__SD	2941	8347	11504
MELLETTE__SD	361	553	931
MINER__SD	641	810	1470
MINNEHAHA__SD	32314	44189	77632
MOODY__SD	1609	1790	3451
PENNINGTON__SD	14213	29976	44968
PERKINS__SD	418	1329	1813
POTTER__SD	463	1143	1618
ROBERTS__SD	2527	2396	4982
SANBORN__SD	581	817	1426
OGLALA_LAKOTA__SD	3566	526	4214
SPINK__SD	1478	2259	3774
STANLEY__SD	464	1129	1623
SULLY__SD	201	702	917
TODD__SD	2543	889	3524
TRIPP__SD	972	2230	3245
TURNER__SD	1646	3084	4834
UNION__SD	3000	3987	7048
WALWORTH__SD	878	1967	2880
YANKTON__SD	4237	6003	10431
ZIEBACH__SD	641	447	1116
ANDERSON__TN	12896	18510	31682
BEDFORD__TN	5261	8348	13696
BENTON__TN	3869	3161	7090
BLEDSOE__TN	1927	2849	4800
BLOUNT__TN	15042	33240	48710
BRADLEY__TN	9426	25942	35623
CAMPBELL__TN	6163	7859	14118
CANNON__TN	2510	2923	5467
CARROLL__TN	5070	6603	11755
CARTER__TN	6390	15763	22302
CHEATHAM__TN	5918	9676	15697
CHESTER__TN	2182	4086	6297
CLAIBORNE__TN	4033	6447	10538
CLAY__TN	1673	1647	3352
COCKE__TN	3932	8290	12301
COFFEE__TN	8238	11785	20154
CROCKETT__TN	2455	3239	5715
CUMBERLAND__TN	8326	15142	23634
DAVIDSON__TN	132362	107618	241675
DECATUR__TN	2268	2566	4879
DEKALB__TN	3445	3685	7173
DICKSON__TN	8592	10557	19283
DYER__TN	5287	8447	13809
FAYETTE__TN	5692	8960	14731
FENTRESS__TN	2371	4293	6700
FRANKLIN__TN	7797	9126	17070
GIBSON__TN	8509	10596	19219
GILES__TN	5273	6162	11536
GRAINGER__TN	2569	4905	7525
GREENE__TN	7625	16374	24172
GRUNDY__TN	2787	2102	4923
HAMBLEN__TN	7426	14733	22302
HAMILTON__TN	57268	78513	136863
HANCOCK__TN	776	1756	2550
HARDEMAN__TN	5683	4702	10462
HARDIN__TN	3834	6087	9954
HAWKINS__TN	6683	13445	20230
HAYWOOD__TN	4359	3140	7548
HENDERSON__TN	3448	6585	10096
HENRY__TN	5728	6337	12170
HICKMAN__TN	4261	4359	8671
HOUSTON__TN	2126	1438	3593
HUMPHREYS__TN	4485	3261	7793
JACKSON__TN	2996	2024	5052
JEFFERSON__TN	5469	11617	17207
JOHNSON__TN	1810	4632	6476
KNOX__TN	65921	110653	178175
LAKE__TN	1039	1317	2370
LAUDERDALE__TN	4473	4164	8681
LAWRENCE__TN	6592	9952	16651
LEWIS__TN	2191	2819	5053
LINCOLN__TN	4546	7827	12455
LOUDON__TN	5706	14041	19862
MCMINN__TN	5889	11978	17999
MCNAIRY__TN	4101	5787	9924
MACON__TN	2739	4670	7434
MADISON__TN	16837	21672	38665
MARION__TN	5548	5862	11492
MARSHALL__TN	4722	5825	10615
MAURY__TN	12372	17495	30026
MEIGS__TN	1595	2499	4131
MONROE__TN	5349	10113	15553
MONTGOMERY__TN	20061	28615	48975
MOORE__TN	1084	1667	2773
MORGAN__TN	2924	4401	7360
OBION__TN	5549	7859	13535
OVERTON__TN	4518	3941	8510
PERRY__TN	1579	1520	3148
PICKETT__TN	1033	1600	2645
POLK__TN	2724	3923	6699
PUTNAM__TN	10549	15619	26407
RHEA__TN	3663	7288	11037
ROANE__TN	8676	14423	23264
ROBERTSON__TN	9863	15329	25319
RUTHERFORD__TN	31639	52189	84390
SCOTT__TN	3085	4508	7626
SEQUATCHIE__TN	1986	2950	4982
SEVIER__TN	8613	22127	30944
SHELBY__TN	215810	157591	375584
SMITH__TN	4038	3738	7821
STEWART__TN	2860	2675	5583
SULLIVAN__TN	19626	42526	62598
SUMNER__TN	21439	40141	61909
TIPTON__TN	7379	14178	21677
TROUSDALE__TN	1850	1314	3190
UNICOI__TN	2372	5026	7457
UNION__TN	2524	4145	6710
VAN_BUREN__TN	1209	1119	2346
WARREN__TN	6803	7502	14394
WASHINGTON__TN	14937	29720	44984
WAYNE__TN	1951	3998	5983
WEAKLEY__TN	5584	7816	13491
WHITE__TN	4147	5268	9494
WILLIAMSON__TN	21719	57409	79577
WILSON__TN	15256	28896	44403
ANDERSON__TX	4678	11525	16301
ANDREWS__TX	677	3837	4536
ANGELINA__TX	9302	18932	28364
ARANSAS__TX	2640	6569	9268
ARCHER__TX	878	3556	4451
ARMSTRONG__TX	170	830	1004
ATASCOSA__TX	4421	7635	12116
AUSTIN__TX	2582	8072	10702
BAILEY__TX	525	1882	2412
BANDERA__TX	1738	6933	8741
BASTROP__TX	9794	13290	23441
BAYLOR__TX	467	1169	1640
BEE__TX	4045	5428	9518
BELL__TX	27165	52135	79724
BEXAR__TX	210976	260698	475314
BLANCO__TX	1267	3277	4584
BORDEN__TX	55	303	359
BOSQUE__TX	1815	5737	7586
BOWIE__TX	11880	21791	33760
BRAZORIA__TX	28904	63662	93248
BRAZOS__TX	16128	37594	54309
BREWSTER__TX	1729	1980	3760
BRISCOE__TX	191	620	811
BROOKS__TX	1823	845	2674
BROWN__TX	2523	11640	14253
BURLESON__TX	2276	4405	6721
BURNET__TX	4147	11456	15742
CALDWELL__TX	5052	6436	11587
CALHOUN__TX	2561	4348	6929
CALLAHAN__TX	1073	4542	5654
CAMERON__TX	33998	34801	69156
CAMP__TX	1778	2638	4439
CARSON__TX	485	2450	2944
CASS__TX	4630	7383	12049
CASTRO__TX	631	1794	2430
CHAMBERS__TX	2953	8618	11649
CHEROKEE__TX	4439	11329	15839
CHILDRESS__TX	511	1629	2144
CLAY__TX	1299	3971	5288
COCHRAN__TX	249	856	1110
COKE__TX	266	1338	1610
COLEMAN__TX	778	3035	3826
COLLIN__TX	68935	174435	245154
COLLINGSWORTH__TX	346	1051	1398
COLORADO__TX	2161	5488	7690
COMAL__TX	9153	31574	41043
COMANCHE__TX	1431	3813	5268
CONCHO__TX	270	911	1193
COOKE__TX	3142	11908	15107
CORYELL__TX	5122	12421	17625
COTTLE__TX	214	549	768
CRANE__TX	254	1314	1574
CROCKETT__TX	473	1248	1728
CROSBY__TX	622	1647	2275
CULBERSON__TX	375	407	788
DALLAM__TX	305	1473	1782
DALLAS__TX	336641	346246	687709
DAWSON__TX	1114	3419	4545
DEAF_SMITH__TX	1133	4139	5291
DELTA__TX	627	1447	2082
DENTON__TX	59346	140891	201410
DEWITT__TX	1610	5100	6732
DICKENS__TX	245	815	1063
DIMMIT__TX	2365	1188	3566
DONLEY__TX	349	1429	1784
DUVAL__TX	2916	1160	4091
EASTLAND__TX	1582	5249	6857
ECTOR__TX	8579	27502	36310
EDWARDS__TX	217	745	963
ELLIS__TX	11640	34602	46444
EL_PASO__TX	95142	73261	169573
ERATH__TX	2710	9506	12281
FALLS__TX	2427	3454	5902
FANNIN__TX	4001	7893	11960
FAYETTE__TX	2803	7527	10397
FISHER__TX	758	1161	1923
FLOYD__TX	545	2032	2584
FOARD__TX	235	347	587
FORT_BEND__TX	68722	93625	163169
FRANKLIN__TX	1011	3185	4217
FREESTONE__TX	2070	5057	7161
FRIO__TX	1931	1991	3930
GAINES__TX	608	3540	4164
GALVESTON__TX	43919	61290	105981
GARZA__TX	326	1480	1812
GILLESPIE__TX	2104	9297	11553
GLASSCOCK__TX	44	488	533
GOLIAD__TX	1219	2267	3501
GONZALES__TX	1709	4291	6022
GRAY__TX	1289	7260	8572
GRAYSON__TX	13452	30777	44423
GREGG__TX	12306	29939	42398
GRIMES__TX	2713	5263	8030
GUADALUPE__TX	10290	28208	38752
HALE__TX	2078	8025	10154
HALL__TX	413	860	1277
HAMILTON__TX	845	2856	3730
HANSFORD__TX	240	1903	2147
HARDEMAN__TX	480	1214	1702
HARDIN__TX	5608	15030	20710
HARRIS__TX	475865	584723	1067968
HARRISON__TX	9642	16473	26223
HARTLEY__TX	315	1736	2059
HASKELL__TX	867	1539	2416
HAYS__TX	20110	27021	47823
HEMPHILL__TX	257	1380	1643
HENDERSON__TX	8505	20210	28849
HIDALGO__TX	62369	50931	113683
HILL__TX	3751	9225	13053
HOCKLEY__TX	1385	6160	7577
HOOD__TX	4865	16280	21293
HOPKINS__TX	3443	8582	12062
HOUSTON__TX	2921	5848	8806
HOWARD__TX	2663	7480	10201
HUDSPETH__TX	302	577	886
HUNT__TX	7971	20065	28194
HUTCHINSON__TX	1503	7839	9369
IRION__TX	141	684	828
JACK__TX	643	2470	3126
JACKSON__TX	1296	3766	5077
JASPER__TX	4471	8347	12873
JEFF_DAVIS__TX	378	764	1167
JEFFERSON__TX	47066	44423	91866
JIM_HOGG__TX	1344	712	2065
JIM_WELLS__TX	6824	5817	12691
JOHNSON__TX	12325	34818	47422
JONES__TX	1658	4254	5931
KARNES__TX	1543	3114	4673
KAUFMAN__TX	8947	21304	30366
KENDALL__TX	2532	11434	14072
KENEDY__TX	85	82	169
KENT__TX	138	382	522
KERR__TX	4557	16538	21246
KIMBLE__TX	324	1482	1816
KING__TX	18	137	156
KINNEY__TX	542	1051	1600
KLEBERG__TX	4550	5366	9973
KNOX__TX	464	1081	1552
LAMAR__TX	5338	12054	17470
LAMB__TX	857	3410	4271
LAMPASAS__TX	1593	5422	7025
LA_SALLE__TX	1229	989	2230
LAVACA__TX	2152	5974	8177
LEE__TX	1899	4160	6088
LEON__TX	1754	5023	6799
LIBERTY__TX	6780	14821	21691
LIMESTONE__TX	2752	5028	7818
LIPSCOMB__TX	184	1147	1337
LIVE_OAK__TX	1036	3147	4201
LLANO__TX	2257	7241	9563
LOVING__TX	12	65	80
LUBBOCK__TX	22472	70135	93151
LYNN__TX	490	1776	2271
MCCULLOCH__TX	745	2465	3220
MCLENNAN__TX	26760	52090	79254
MCMULLEN__TX	95	467	564
MADISON__TX	1235	2837	4101
MARION__TX	1884	2441	4348
MARTIN__TX	288	1514	1807
MASON__TX	459	1600	2077
MATAGORDA__TX	4355	8119	12521
MAVERICK__TX	5948	4025	10034
MEDINA__TX	4322	10389	14826
MENARD__TX	331	761	1103
MIDLAND__TX	8005	36585	44834
MILAM__TX	3445	5291	8783
MILLS__TX	416	1794	2231
MITCHELL__TX	639	1912	2558
MONTAGUE__TX	1946	5910	7897
MONTGOMERY__TX	28628	104654	133988
MOORE__TX	1009	4601	5628
MORRIS__TX	2437	2818	5278
MOTLEY__TX	113	564	684
NACOGDOCHES__TX	7152	14160	21466
NAVARRO__TX	5259	10715	16034
NEWTON__TX	2513	3159	5700
NOLAN__TX	1541	3722	5289
NUECES__TX	44439	59359	104560
OCHILTREE__TX	251	2922	3177
OLDHAM__TX	108	733	843
ORANGE__TX	11476	20292	31908
PALO_PINTO__TX	2816	7137	10014
PANOLA__TX	2958	7021	10007
PARKER__TX	8966	31795	40957
PARMER__TX	389	2375	2773
PECOS__TX	1242	3167	4428
POLK__TX	6964	13778	20846
POTTER__TX	7489	21401	29056
PRESIDIO__TX	1159	715	1890
RAINS__TX	1213	2998	4229
RANDALL__TX	7849	40520	48587
REAGAN__TX	184	956	1143
REAL__TX	325	1314	1645
RED_RIVER__TX	2097	3379	5490
REEVES__TX	1600	1777	3395
REFUGIO__TX	1232	2212	3455
ROBERTS__TX	46	461	507
ROBERTSON__TX	2979	3792	6795
ROCKWALL__TX	5320	20120	25581
RUNNELS__TX	792	3239	4049
RUSK__TX	4899	13390	18344
SABINE__TX	1476	3138	4639
SAN_AUGUSTINE__TX	1506	2235	3757
SAN_JACINTO__TX	2688	5394	8125
SAN_PATRICIO__TX	7764	13474	21320
SAN_SABA__TX	529	1894	2431
SCHLEICHER__TX	312	1012	1329
SCURRY__TX	981	4576	5572
SHACKELFORD__TX	229	1292	1527
SHELBY__TX	2951	6295	9279
SHERMAN__TX	124	942	1066
SMITH__TX	19970	53392	73664
SOMERVELL__TX	831	2701	3551
STARR__TX	7199	2552	9781
STEPHENS__TX	703	2803	3519
STERLING__TX	71	544	615
STONEWALL__TX	250	499	752
SUTTON__TX	280	1173	1453
SWISHER__TX	626	1487	2120
TARRANT__TX	207286	349462	560141
TAYLOR__TX	10648	37197	48099
TERRELL__TX	159	306	469
TERRY__TX	794	3166	3970
THROCKMORTON__TX	202	656	863
TITUS__TX	3173	5709	8907
TOM_GREEN__TX	9007	28185	37417
TRAVIS__TX	197235	147885	352113
TRINITY__TX	2204	3985	6213
TYLER__TX	2659	5043	7745
UPSHUR__TX	4225	10232	14526
UPTON__TX	185	1009	1197
UVALDE__TX	3298	5148	8483
VAL_VERDE__TX	4757	6968	11795
VAN_ZANDT__TX	4822	14976	19856
VICTORIA__TX	8553	20875	29602
WALKER__TX	5977	11710	17822
WALLER__TX	6145	7679	13881
WARD__TX	901	2856	3768
WASHINGTON__TX	3389	9597	13063
WEBB__TX	23654	17753	41556
WHARTON__TX	4702	9288	14039
WHEELER__TX	420	1960	2394
WICHITA__TX	12819	32472	45545
WILBARGER__TX	1284	3685	4990
WILLACY__TX	2734	2209	4962
WILLIAMSON__TX	43117	83284	128198
WILSON__TX	4409	10400	14885
WINKLER__TX	391	1604	2002
WISE__TX	4783	15177	20031
WOOD__TX	4034	12831	16929
YOAKUM__TX	376	2228	2613
YOUNG__TX	1511	5874	7409
ZAPATA__TX	1662	1228	2898
ZAVALA__TX	2332	777	3118
BEAVER__UT	493	2023	2544
BOX_ELDER__UT	2244	15751	18368
CACHE__UT	6375	32486	39731
CARBON__UT	3415	4950	8508
DAGGETT__UT	108	380	499
DAVIS__UT	20893	86187	109268
DUCHESNE__UT	738	4742	5556
EMERY__UT	831	3781	4678
GARFIELD__UT	264	1848	2162
GRAND__UT	1858	2130	4165
IRON__UT	2267	12815	15446
JUAB__UT	605	2681	3417
KANE__UT	576	2414	3051
MILLARD__UT	626	4084	4877
MORGAN__UT	472	3301	3841
PIUTE__UT	123	646	773
RICH__UT	109	922	1037
SALT_LAKE__UT	135949	215728	362138
SAN_JUAN__UT	1906	2971	4950
SANPETE__UT	1189	7004	8507
SEVIER__UT	920	6597	7641
SUMMIT__UT	6977	7936	15312
TOOELE__UT	4130	12181	16664
UINTAH__UT	1266	8518	9957
UTAH__UT	17357	128269	149173
WASATCH__UT	1854	5503	7512
WASHINGTON__UT	7513	35633	44018
WAYNE__UT	279	1062	1360
WEBER__UT	19862	51199	72691
ADDISON__VT	11147	7077	18579
BENNINGTON__VT	11069	7616	19065
CALEDONIA__VT	7106	6765	14211
CHITTENDEN__VT	49369	26422	77696
ESSEX__VT	1276	1591	2937
FRANKLIN__VT	10598	8936	19920
GRAND_ISLE__VT	2246	1754	4077
LAMOILLE__VT	7636	4260	12181
ORANGE__VT	8159	6421	14895
ORLEANS__VT	6330	5666	12242
RUTLAND__VT	15904	14440	30975
WASHINGTON__VT	19177	11461	31448
WINDHAM__VT	15489	7280	23316
WINDSOR__VT	18561	11491	30767
ACCOMACK__VA	5518	7726	13356
ALBEMARLE__VA	22088	21189	43726
ALLEGHANY__VA	3203	3962	7195
AMELIA__VA	1862	3499	5397
AMHERST__VA	4866	7758	12695
APPOMATTOX__VA	2191	4366	6655
ARLINGTON__VA	63987	29635	94650
AUGUSTA__VA	7019	22100	29704
BATH__VA	828	1432	2282
BEDFORD_CO___VA	10144	23397	33946
BLAND__VA	846	1962	2865
BOTETOURT__VA	4801	10865	15797
BRUNSWICK__VA	4062	2852	6926
BUCHANAN__VA	5275	4507	9829
BUCKINGHAM__VA	2789	3185	6027
CAMPBELL__VA	6862	15891	22997
CAROLINE__VA	4878	4999	9954
CARROLL__VA	3888	8173	12128
CHARLES_CITY__VA	2155	1254	3439
CHARLOTTE__VA	2223	3166	5438
CHESTERFIELD__VA	49346	83745	133814
CLARKE__VA	2699	3741	6505
CRAIG__VA	901	1706	2621
CULPEPER__VA	5476	10026	15605
CUMBERLAND__VA	1721	2377	4126
DICKENSON__VA	3761	3591	7406
DINWIDDIE__VA	4569	6193	10839
ESSEX__VA	2007	2304	4344
FAIRFAX_CO___VA	245671	211980	461379
FAUQUIER__VA	10712	19011	29915
FLOYD__VA	2488	4162	6734
FLUVANNA__VA	4415	6458	10957
FRANKLIN_CO___VA	8002	14048	22223
FREDERICK__VA	8853	19386	28540
GILES__VA	3047	4320	7498
GLOUCESTER__VA	5105	11084	16333
GOOCHLAND__VA	3583	6668	10338
GRAYSON__VA	2430	4655	7137
GREENE__VA	2240	4570	6939
GREENSVILLE__VA	2514	1732	4258
HALIFAX__VA	6220	8363	14656
HANOVER__VA	13941	35404	49611
HENRICO__VA	60864	71809	133418
HENRY__VA	9851	13358	23458
HIGHLAND__VA	522	982	1520
ISLE_OF_WIGHT__VA	5871	9929	15871
JAMES_CITY__VA	11934	18949	31090
KING_AND_QUEEN__VA	1506	1737	3286
KING_GEORGE__VA	2739	5124	7921
KING_WILLIAM__VA	2436	4397	6872
LANCASTER__VA	2477	3724	6230
LEE__VA	4005	5664	9770
LOUDOUN__VA	47271	60382	108430
LOUISA__VA	4844	7083	12035
LUNENBURG__VA	2362	2858	5245
MADISON__VA	2176	3556	5772
MATHEWS__VA	1589	3497	5129
MECKLENBURG__VA	5293	7319	12780
MIDDLESEX__VA	1914	3336	5377
MONTGOMERY__VA	14128	17070	31515
NELSON__VA	3543	3539	7139
NEW_KENT__VA	2443	5414	7946
NORTHAMPTON__VA	2775	2669	5499
NORTHUMBERLAND__VA	2548	3832	6409
NOTTOWAY__VA	2635	3303	6030
ORANGE__VA	5015	7749	12928
PAGE__VA	3324	6221	9603
PATRICK__VA	2572	5507	8215
PITTSYLVANIA__VA	9274	17673	27417
POWHATAN__VA	3112	8955	12163
PRINCE_EDWARD__VA	3632	3571	7316
PRINCE_GEORGE__VA	5066	8131	13254
PRINCE_WILLIAM__VA	61271	69776	132063
PULASKI__VA	5310	8769	14251
RAPPAHANNOCK__VA	1837	2172	4050
RICHMOND_CO___VA	1243	2082	3361
ROANOKE_CO___VA	21477	35641	57519
ROCKBRIDGE__VA	3627	5412	9181
ROCKINGHAM__VA	7273	21737	29216
RUSSELL__VA	5167	6077	11423
SCOTT__VA	3324	6479	9967
SHENANDOAH__VA	5186	11820	17146
SMYTH__VA	4143	7906	12319
SOUTHAMPTON__VA	3431	4018	7492
SPOTSYLVANIA__VA	16623	28527	45445
STAFFORD__VA	17208	28500	45986
SURRY__VA	1954	1543	3522
SUSSEX__VA	2420	1890	4345
TAZEWELL__VA	7184	10039	17480
WARREN__VA	5241	8600	14068
WASHINGTON__VA	7339	14749	22514
WESTMORELAND__VA	3370	3433	6848
WISE__VA	5802	8330	14312
WYTHE__VA	3581	7911	11554
YORK__VA	10276	19396	29880
ALEXANDRIA__VA	41116	19844	61515
BRISTOL__VA	2400	4275	6724
BUENA_VISTA__VA	936	1417	2389
CHARLOTTESVILLE__VA	11088	4172	15450
CHESAPEAKE__VA	38744	52283	91541
COLONIAL_HEIGHTS__VA	2061	6129	8231
COVINGTON__VA	1179	1104	2301
DANVILLE__VA	9436	9399	19112
EMPORIA__VA	1247	970	2221
FALLS_CHURCH__VA	3944	2074	6098
FRANKLIN__VA	1910	1613	3536
FREDERICKSBURG__VA	4085	3390	7542
GALAX__VA	987	1336	2335
HAMPTON__VA	32016	23399	55741
HARRISONBURG__VA	4726	6165	11030
HOPEWELL__VA	3573	4251	7936
LEXINGTON__VA	1340	982	2349
LYNCHBURG__VA	11727	14400	26340
MANASSAS__VA	5562	7257	12903
MANASSAS_PARK__VA	1498	1807	3332
MARTINSVILLE__VA	3036	2538	5603
NEWPORT_NEWS__VA	35319	32208	67952
NORFOLK__VA	43518	26401	70570
NORTON__VA	725	768	1504
PETERSBURG__VA	9682	2238	11949
POQUOSON__VA	1424	5004	6480
PORTSMOUTH__VA	24112	15212	39534
RADFORD__VA	2244	2564	4845
RICHMOND__VA	52167	21637	74325
ROANOKE__VA	18862	16661	36000
SALEM__VA	4254	7115	11484
STAUNTON__VA	3756	5805	9629
SUFFOLK__VA	15233	16763	32189
VIRGINIA_BEACH__VA	70666	103752	175687
WAYNESBORO__VA	2792	5092	7963
WILLIAMSBURG__VA	2216	2064	4320
WINCHESTER__VA	3967	5283	9343
ADAMS__WA	1315	3751	5127
ASOTIN__WA	3319	5320	8786
BENTON__WA	21549	44350	66886
CHELAN__WA	10471	18482	29396
CLALLAM__WA	17049	18871	36766
CLARK__WA	79538	88646	170439
COLUMBIA__WA	605	1470	2107
COWLITZ__WA	21589	20217	42473
DOUGLAS__WA	4306	8900	13372
FERRY__WA	1201	2019	3341
FRANKLIN__WA	5188	10757	16159
GARFIELD__WA	365	935	1320
GRANT__WA	7779	17799	25995
GRAYS_HARBOR__WA	14583	12871	27953
ISLAND__WA	18216	19754	38559
JEFFERSON__WA	11610	6650	18616
KING__WA	580378	301043	893534
KITSAP__WA	60796	55608	118453
KITTITAS__WA	6731	9052	16084
KLICKITAT__WA	4036	5016	9237
LEWIS__WA	10726	21042	32428
LINCOLN__WA	1706	4015	5811
MASON__WA	12894	11987	25394
OKANOGAN__WA	6309	9636	16342
PACIFIC__WA	5570	4634	10431
PEND_OREILLE__WA	2310	3693	6198
PIERCE__WA	158231	150783	313331
SAN_JUAN__WA	6589	3290	10088
SKAGIT__WA	25131	26139	52230
SKAMANIA__WA	2374	2695	5159
SNOHOMISH__WA	156468	134317	294997
SPOKANE__WA	87490	111606	202587
STEVENS__WA	6822	13015	20340
THURSTON__WA	62650	47992	112789
WAHKIAKUM__WA	1021	1171	2235
WALLA_WALLA__WA	8257	14323	22925
WHATCOM__WA	48268	40296	90394
WHITMAN__WA	8287	9397	18012
YAKIMA__WA	28474	43352	72790
BARBOUR__WV	2610	4004	6655
BERKELEY__WV	12244	21293	33785
BOONE__WV	5933	4207	10198
BRAXTON__WV	3035	2986	6051
BROOKE__WV	5493	5189	10773
CABELL__WV	16583	21035	37950
CALHOUN__WV	1266	1360	2661
CLAY__WV	1835	2198	4072
DODDRIDGE__WV	800	2362	3179
FAYETTE__WV	8971	7881	16967
GILMER__WV	1159	1665	2852
GRANT__WV	963	4063	5047
GREENBRIER__WV	6084	8358	14553
HAMPSHIRE__WV	2455	5489	7996
HANCOCK__WV	6906	7298	14321
HARDY__WV	1617	3635	5276
HARRISON__WV	13238	17111	30588
JACKSON__WV	5384	7686	13158
JEFFERSON__WV	9301	10539	19993
KANAWHA__WV	43010	44430	87928
LEWIS__WV	2475	4445	6999
LINCOLN__WV	4048	4102	8312
LOGAN__WV	7877	7047	14987
MCDOWELL__WV	4501	2762	7299
MARION__WV	12771	12150	25194
MARSHALL__WV	6435	8516	15072
MASON__WV	5408	6487	11990
MERCER__WV	9178	13057	22379
MINERAL__WV	3518	7854	11461
MINGO__WV	5983	4612	10655
MONONGALIA__WV	16313	17670	34306
MONROE__WV	2311	3590	5951
MORGAN__WV	2272	4511	6847
NICHOLAS__WV	4788	5485	10351
OHIO__WV	8543	11694	20392
PENDLETON__WV	1381	2146	3544
PLEASANTS__WV	1349	2061	3435
POCAHONTAS__WV	1573	2295	3918
PRESTON__WV	3963	7855	11929
PUTNAM__WV	9301	15716	25151
RALEIGH__WV	11815	18519	30525
RANDOLPH__WV	4892	6512	11490
RITCHIE__WV	1070	3086	4196
ROANE__WV	2612	3440	6100
SUMMERS__WV	2504	2978	5524
TAYLOR__WV	2617	3893	6551
TUCKER__WV	1400	2179	3600
TYLER__WV	1401	2798	4245
UPSHUR__WV	3034	6191	9293
WAYNE__WV	8411	10070	18609
WEBSTER__WV	1965	1724	3714
WETZEL__WV	3330	3656	7038
WIRT__WV	896	1727	2654
WOOD__WV	14025	24948	39227
WYOMING__WV	3694	4985	8718
ADAMS__WI	5447	4890	10456
ASHLAND__WI	5805	3313	9199
BARRON__WI	11696	12030	23937
BAYFIELD__WI	5845	3754	9699
BROWN__WI	54935	67173	123294
BUFFALO__WI	3998	3502	7591
BURNETT__WI	4499	4743	9321
CALUMET__WI	10290	14721	25276
CHIPPEWA__WI	14751	15450	30524
CLARK__WI	6966	7966	15125
COLUMBIA__WI	14300	14956	29555
CRAWFORD__WI	4656	3680	8459
DANE__WI	181052	90369	274249
DODGE__WI	16690	27201	44336
DOOR__WI	8367	8910	17491
DOUGLAS__WI	16537	8448	25187
DUNN__WI	12039	10879	23172
EAU_CLAIRE__WI	30068	24653	55437
FLORENCE__WI	993	1703	2724
FOND_DU_LAC__WI	19216	33291	53036
FOREST__WI	2509	2608	5153
GRANT__WI	12864	12208	25264
GREEN__WI	9575	8497	18248
GREEN_LAKE__WI	3605	6472	10178
IOWA__WI	7122	5348	12542
IRON__WI	1956	1884	3879
JACKSON__WI	5249	4387	9726
JEFFERSON__WI	17925	23776	42115
JUNEAU__WI	5734	6473	12379
KENOSHA__WI	40107	35587	76428
KEWAUNEE__WI	5175	5970	11273
LA_CROSSE__WI	33170	28289	62136
LAFAYETTE__WI	4402	3929	8388
LANGLADE__WI	4751	6235	11074
LINCOLN__WI	7484	8024	15700
MANITOWOC__WI	20652	23027	44160
MARATHON__WI	30899	36394	68059
MARINETTE__WI	10190	11866	22270
MARQUETTE__WI	3785	4604	8477
MENOMINEE__WI	1412	288	1710
MILWAUKEE__WI	297653	180287	482236
MONROE__WI	8973	10375	19554
OCONTO__WI	8534	11043	19794
ONEIDA__WI	10464	11351	22039
OUTAGAMIE__WI	40169	48903	90050
OZAUKEE__WI	17714	34904	53032
PEPIN__WI	2181	1853	4066
PIERCE__WI	11176	10437	21876
POLK__WI	11173	12095	23503
PORTAGE__WI	21861	16546	38961
PRICE__WI	4349	4312	8763
RACINE__WI	48229	52456	101569
RICHLAND__WI	4501	4836	9420
ROCK__WI	46598	33151	80479
RUSK__WI	3820	3985	7927
ST__CROIX__WI	18784	22679	41835
SAUK__WI	15708	14415	30417
SAWYER__WI	4411	4951	9453
SHAWANO__WI	8657	12150	20999
SHEBOYGAN__WI	27608	34458	62625
TAYLOR__WI	3829	5582	9543
TREMPEALEAU__WI	8075	5878	14062
VERNON__WI	7924	6774	14845
VILAS__WI	5713	8155	14002
WALWORTH__WI	19177	28754	48446
WASHBURN__WI	4705	4762	9567
WASHINGTON__WI	21234	50641	72467
WAUKESHA__WI	73626	154926	230363
WAUPACA__WI	10792	15941	26974
WAUSHARA__WI	5257	6888	12246
WINNEBAGO__WI	40943	46542	88596
WOOD__WI	18950	20592	40071
ALBANY__WY	7117	9006	16624
BIG_HORN__WY	960	4232	5283
CAMPBELL__WY	2464	12415	15099
CARBON__WY	2158	4758	7077
CONVERSE__WY	1184	4447	5725
CROOK__WY	501	2836	3396
FREMONT__WY	5338	11429	17096
GOSHEN__WY	1566	4114	5779
HOT_SPRINGS__WY	623	1812	2480
JOHNSON__WY	676	3231	3991
LARAMIE__WY	13171	25951	39879
LINCOLN__WY	1364	6423	7914
NATRONA__WY	9863	21512	32068
NIOBRARA__WY	230	1064	1314
PARK__WY	3007	10917	14231
PLATTE__WY	1328	3149	4574
SHERIDAN__WY	4066	9689	14029
SUBLETTE__WY	730	2847	3651
SWEETWATER__WY	5208	10653	16272
TETON__WY	5972	5124	11359
UINTA__WY	1815	6081	8081
WASHAKIE__WY	855	3200	4114
WESTON__WY	580	2739	3392
DISTRICT_1__AK	3662	6303	10417
DISTRICT_2__AK	4961	5943	11402
DISTRICT_3__AK	6513	4790	11748
DISTRICT_4__AK	4768	5802	10987
DISTRICT_5__AK	4679	5439	10609
DISTRICT_6__AK	3728	6177	10310
DISTRICT_7__AK	5008	7693	13221
DISTRICT_8__AK	5758	6615	12942
DISTRICT_9__AK	4177	6934	11486
DISTRICT_10__AK	3670	6745	10750
DISTRICT_11__AK	3364	9280	13025
DISTRICT_12__AK	3387	8108	11845
DISTRICT_13__AK	4819	10702	16012
DISTRICT_14__AK	4403	10717	15548
DISTRICT_15__AK	4766	10058	15400
DISTRICT_16__AK	4791	10587	15840
DISTRICT_17__AK	4646	10491	15510
DISTRICT_18__AK	4193	8424	12887
DISTRICT_19__AK	5061	8014	13458
DISTRICT_20__AK	4465	6632	11480
DISTRICT_21__AK	5488	8818	14671
DISTRICT_22__AK	5426	7207	13035
DISTRICT_23__AK	5991	6576	12985
DISTRICT_24__AK	5226	7622	13251
DISTRICT_25__AK	5435	6892	12778
DISTRICT_26__AK	6476	7776	14682
DISTRICT_27__AK	5212	8500	14112
DISTRICT_28__AK	5141	9073	14577
DISTRICT_29__AK	4546	7743	12630
DISTRICT_30__AK	5181	8733	14273
DISTRICT_31__AK	5315	9605	15270
DISTRICT_32__AK	6580	9783	16810
DISTRICT_33__AK	3192	7344	10938
DISTRICT_34__AK	3033	7886	11353
DISTRICT_35__AK	5030	6007	11571
DISTRICT_36__AK	3245	5645	9241
DISTRICT_37__AK	1970	3046	5208
DISTRICT_38__AK	2366	2459	5075
DISTRICT_39__AK	2365	2881	5568
DISTRICT_40__AK	2328	3217	5788
