_PARTIES	Democrat	Republican	Total
_COLORS	Blue	Red
AUTAUGA__AL	6093	17403	23641
BALDWIN__AL	19386	61271	81413
BARBOUR__AL	5697	5866	11630
BIBB__AL	2299	6262	8644
BLOUNT__AL	3522	20389	24267
BULLOCK__AL	4011	1391	5415
BUTLER__AL	4188	5485	9709
CALHOUN__AL	16334	32348	49242
CHAMBERS__AL	6799	8067	14956
CHEROKEE__AL	2306	7298	9745
CHILTON__AL	3674	13960	17785
CHOCTAW__AL	3636	4223	7894
CLARKE__AL	5914	7466	13435
CLAY__AL	1760	4984	6819
CLEBURNE__AL	1168	5216	6492
COFFEE__AL	5079	14919	20128
COLBERT__AL	9703	14739	24843
CONECUH__AL	3429	3470	6943
COOSA__AL	2273	3248	5563
COVINGTON__AL	3240	12444	15787
CRENSHAW__AL	1938	4319	6291
CULLMAN__AL	5864	28896	35305
DALE__AL	5270	13886	19320
DALLAS__AL	13986	6798	20852
DEKALB__AL	5658	17957	24015
ELMORE__AL	8301	25777	34315
ESCAMBIA__AL	5188	9375	14674
ETOWAH__AL	13497	30595	44737
FAYETTE__AL	1994	5883	7957
FRANKLIN__AL	3469	8048	11693
GENEVA__AL	2134	9417	11657
GREENE__AL	4408	876	5305
HALE__AL	4982	3200	8214
HENRY__AL	3018	5585	8648
HOUSTON__AL	12225	29254	41735
JACKSON__AL	6374	14083	20874
JEFFERSON__AL	166121	149921	318524
LAMAR__AL	1614	5419	7075
LAUDERDALE__AL	13329	24068	38104
LAWRENCE__AL	5164	9277	14680
LEE__AL	21498	32230	54325
LIMESTONE__AL	9536	23598	33551
LOWNDES__AL	5449	1809	7278
MACON__AL	9450	1396	10877
MADISON__AL	64117	86965	152899
MARENGO__AL	5926	5516	11471
MARION__AL	2600	9536	12355
MARSHALL__AL	7038	25727	33166
MOBILE__AL	82181	98049	181424
MONROE__AL	5025	6175	11252
MONTGOMERY__AL	62166	42031	104743
MORGAN__AL	13895	36014	50542
PERRY__AL	4457	1679	6159
PICKENS__AL	4594	5434	10067
PIKE__AL	5879	8004	13955
RANDOLPH__AL	3064	7175	10384
RUSSELL__AL	10085	8705	18915
ST__CLAIR__AL	6091	27649	34088
SHELBY__AL	20625	69060	90643
SUMTER__AL	5264	1731	7020
TALLADEGA__AL	13779	20112	34204
TALLAPOOSA__AL	6063	13116	19311
TUSCALOOSA__AL	32796	45405	78912
WALKER__AL	7420	20722	28652
WASHINGTON__AL	3067	5654	8775
WILCOX__AL	4612	1868	6494
WINSTON__AL	1757	8103	10031
APACHE__AZ	15390	8551	24262
COCHISE__AZ	18943	29026	48820
COCONINO__AZ	31433	22186	54344
GILA__AZ	7884	14095	22333
GRAHAM__AZ	3487	8376	12007
GREENLEE__AZ	1165	1712	2913
LA_PAZ__AZ	1929	3509	5552
MARICOPA__AZ	602166	746448	1364962
MOHAVE__AZ	22092	44333	67605
NAVAJO__AZ	15579	19761	35800
PIMA__AZ	206254	182406	393428
PINAL__AZ	44254	59421	104883
SANTA_CRUZ__AZ	8683	4518	13303
YAVAPAI__AZ	36889	61192	99648
YUMA__AZ	18559	24577	43615
ARKANSAS__AR	2619	4185	6978
ASHLEY__AR	2976	5406	8642
BAXTER__AR	6539	12852	19981
BENTON__AR	23331	51124	76073
BOONE__AR	4435	10575	15474
BRADLEY__AR	1680	2262	4041
CALHOUN__AR	691	1462	2217
CARROLL__AR	4172	6083	10579
CHICOT__AR	3043	2119	5208
CLARK__AR	4267	4608	9094
CLAY__AR	2244	3032	5511
CLEBURNE__AR	2951	7962	11338
CLEVELAND__AR	911	2451	3505
COLUMBIA__AR	3554	5861	9558
CONWAY__AR	3149	4691	8138
CRAIGHEAD__AR	11294	18881	30968
CRAWFORD__AR	5238	14688	20532
CRITTENDEN__AR	10330	7650	18255
CROSS__AR	2580	4393	7130
DALLAS__AR	1471	1757	3318
DESHA__AR	2569	1999	4678
DREW__AR	2598	3860	6610
FAULKNER__AR	14955	25362	41179
FRANKLIN__AR	1869	4411	6475
FULTON__AR	1819	2702	4676
GARLAND__AR	15899	26825	43719
GRANT__AR	1562	5023	6793
GREENE__AR	4541	8578	13612
HEMPSTEAD__AR	2869	4273	7349
HOT_SPRING__AR	4288	7209	11955
HOWARD__AR	1746	2957	4846
INDEPENDENCE__AR	3688	8255	12299
IZARD__AR	1792	3193	5218
JACKSON__AR	2207	3118	5582
JEFFERSON__AR	18465	10655	29689
JOHNSON__AR	3034	4922	8180
LAFAYETTE__AR	1133	1685	2902
LAWRENCE__AR	2138	3357	5830
LEE__AR	2263	1454	3763
LINCOLN__AR	1710	2513	4406
LITTLE_RIVER__AR	1753	3247	5152
LOGAN__AR	2286	5350	7907
LONOKE__AR	5968	17242	23741
MADISON__AR	2144	3972	6328
MARION__AR	2384	4524	7162
MILLER__AR	4869	9913	15063
MISSISSIPPI__AR	6667	6976	14010
MONROE__AR	1615	1754	3449
MONTGOMERY__AR	1092	2365	3622
NEVADA__AR	1474	2062	3635
NEWTON__AR	1182	2588	3960
OUACHITA__AR	4346	5427	9960
PERRY__AR	1352	2743	4279
PHILLIPS__AR	5695	3097	8969
PIKE__AR	1089	2727	3966
POINSETT__AR	2742	4903	7928
POLK__AR	1957	5473	7681
POPE__AR	6002	15568	22079
PRAIRIE__AR	1048	2223	3381
PULASKI__AR	88854	70212	161343
RANDOLPH__AR	2469	3615	6319
ST__FRANCIS__AR	5486	3917	9505
SALINE__AR	12695	30981	44653
SCOTT__AR	1053	2791	3995
SEARCY__AR	961	2726	3847
SEBASTIAN__AR	13673	28637	43212
SEVIER__AR	1291	3125	4580
SHARP__AR	2436	4535	7252
STONE__AR	1598	3534	5324
UNION__AR	6190	10677	17179
VAN_BUREN__AR	2151	4276	6703
WASHINGTON__AR	29021	37963	68380
WHITE__AR	6732	19467	26955
WOODRUFF__AR	1412	1206	2761
YELL__AR	2003	3808	6036
ALAMEDA__CA	489106	119555	621029
ALPINE__CA	422	252	692
AMADOR__CA	7813	10561	18810
BUTTE__CA	49013	46706	98325
CALAVERAS__CA	9813	12835	23306
COLUSA__CA	2569	3733	6429
CONTRA_COSTA__CA	306983	136436	451650
DEL_NORTE__CA	4323	4967	9531
EL_DORADO__CA	40529	50314	92926
FRESNO__CA	136706	131015	272289
GLENN__CA	3734	5910	9879
HUMBOLDT__CA	39692	21713	63727
IMPERIAL__CA	24162	14008	38820
INYO__CA	3743	4523	8533
KERN__CA	93457	134793	232850
KINGS__CA	14747	19710	35108
LAKE__CA	14854	9935	25542
LASSEN__CA	3586	7483	11387
LOS_ANGELES__CA	2295853	956425	3318248
MADERA__CA	17952	23583	42355
MARIN__CA	109320	28384	140197
MARIPOSA__CA	4100	5298	9651
MENDOCINO__CA	27843	10721	40016
MERCED__CA	34031	28704	63808
MODOC__CA	1313	2981	4420
MONO__CA	3093	2354	5571
MONTEREY__CA	88453	38797	129783
NAPA__CA	38849	19484	59642
NEVADA__CA	28617	25663	55647
ORANGE__CA	549558	579064	1153687
PLACER__CA	75112	94647	173107
PLUMAS__CA	4715	6035	11028
RIVERSIDE__CA	325017	310041	647299
SACRAMENTO__CA	316506	213583	541101
SAN_BENITO__CA	11917	7425	19705
SAN_BERNARDINO__CA	315720	277408	606334
SAN_DIEGO__CA	666581	541032	1231047
SAN_FRANCISCO__CA	322220	52292	382865
SAN_JOAQUIN__CA	113974	91607	209349
SAN_LUIS_OBISPO__CA	68176	61055	132653
SAN_MATEO__CA	222826	75057	303292
SANTA_BARBARA__CA	105614	65585	174912
SANTA_CLARA__CA	462241	190039	665589
SANTA_CRUZ__CA	98745	25244	127483
SHASTA__CA	28867	49588	80390
SIERRA__CA	743	1158	1991
SISKIYOU__CA	9292	11520	21470
SOLANO__CA	102095	56035	160973
SONOMA__CA	168888	55127	229351
STANISLAUS__CA	80279	77497	161015
SUTTER__CA	13412	18911	32941
TEHAMA__CA	8945	14843	24436
TRINITY__CA	3233	2940	6374
TULARE__CA	43634	59765	105206
TUOLUMNE__CA	11532	14988	27181
VENTURA__CA	187601	145853	339800
YOLO__CA	53488	24592	79749
YUBA__CA	8866	12007	21401
ADAMS__CO	93443	63976	160499
ALAMOSA__CO	3521	2635	6286
ARAPAHOE__CO	148218	113866	266148
ARCHULETA__CO	2836	3638	6625
BACA__CO	536	1572	2175
BENT__CO	799	1077	1920
BOULDER__CO	124159	44904	171763
BROOMFIELD__CO	16168	12757	29453
CHAFFEE__CO	4861	4873	9920
CHEYENNE__CO	198	890	1111
CLEAR_CREEK__CO	3332	2300	5767
CONEJOS__CO	2154	1653	3874
COSTILLA__CO	1245	415	1697
CROWLEY__CO	552	976	1558
CUSTER__CO	912	1672	2629
DELTA__CO	5084	10067	15434
DENVER__CO	204882	62567	271533
DOLORES__CO	369	818	1217
DOUGLAS__CO	61960	88108	151819
EAGLE__CO	13187	8179	21652
ELBERT__CO	3819	9108	13206
EL_PASO__CO	108899	160318	273175
FREMONT__CO	6844	12668	19919
GARFIELD__CO	11357	11359	23082
GILPIN__CO	1954	1253	3301
GRAND__CO	4037	4128	8308
GUNNISON__CO	5556	3131	8870
HINSDALE__CO	240	344	599
HUERFANO__CO	1989	1580	3643
JACKSON__CO	277	624	913
JEFFERSON__CO	158153	131627	295062
KIOWA__CO	178	650	852
KIT_CARSON__CO	912	2455	3442
LAKE__CO	1859	1078	3002
LA_PLATA__CO	16057	11503	27979
LARIMER__CO	89822	73641	166373
LAS_ANIMAS__CO	3562	3086	6761
LINCOLN__CO	546	1717	2304
LOGAN__CO	2846	6002	8977
MESA__CO	24008	44578	69631
MINERAL__CO	270	334	623
MOFFAT__CO	1582	4135	5871
MONTEZUMA__CO	4661	6961	11825
MONTROSE__CO	6495	12199	19153
MORGAN__CO	3813	6272	10234
OTERO__CO	3546	4393	8064
OURAY__CO	1636	1367	3060
PARK__CO	4250	4896	9383
PHILLIPS__CO	622	1612	2260
PITKIN__CO	7349	2484	9966
PROWERS__CO	1487	3043	4615
PUEBLO__CO	41097	30257	72427
RIO_BLANCO__CO	655	2437	3147
RIO_GRANDE__CO	2448	2930	5444
ROUTT__CO	8270	4725	13199
SAGUACHE__CO	1730	953	2747
SAN_JUAN__CO	264	218	496
SAN_MIGUEL__CO	3349	933	4350
SEDGWICK__CO	468	857	1351
SUMMIT__CO	9802	4883	14899
TELLER__CO	4513	8146	12906
WASHINGTON__CO	529	1949	2513
WELD__CO	47292	56526	105866
YUMA__CO	1117	3286	4483
FAIRFIELD__CT	241320	166845	411096
HARTFORD__CT	268301	138716	411785
LITCHFIELD__CT	51037	46176	98870
MIDDLESEX__CT	52966	32907	87155
NEW_HAVEN__CT	232820	144465	381739
NEW_LONDON__CT	74745	48460	124765
TOLLAND__CT	44969	29262	75406
WINDHAM__CT	34133	21210	56269
KENT__DE	36392	29827	66925
NEW_CASTLE__DE	178768	74608	256417
SUSSEX__DE	40299	47939	89070
DISTRICT_OF_COLUMBIA__DC	245800	17367	265853
ALACHUA__FL	75565	48513	125519
BAKER__FL	2327	8672	11059
BAY__FL	23653	56683	81127
BRADFORD__FL	3430	8136	11676
BREVARD__FL	127620	157589	287859
BROWARD__FL	492640	237729	733899
CALHOUN__FL	1821	4345	6244
CHARLOTTE__FL	39031	45205	85158
CITRUS__FL	31460	43706	76158
CLAY__FL	26697	67203	94577
COLLIER__FL	54450	86379	141988
COLUMBIA__FL	9171	18670	28128
DESOTO__FL	4383	5632	10131
DIXIE__FL	1925	5194	7264
DUVAL__FL	202618	210537	415761
ESCAMBIA__FL	61572	91411	154447
FLAGLER__FL	24726	23951	49031
FRANKLIN__FL	2134	3818	6029
GADSDEN__FL	15582	6811	22510
GILCHRIST__FL	1996	5656	7819
GLADES__FL	1674	2533	4261
GULF__FL	2149	4980	7205
HAMILTON__FL	2364	3179	5587
HARDEE__FL	2568	4763	7412
HENDRY__FL	4998	5780	10879
HERNANDO__FL	41886	45021	87901
HIGHLANDS__FL	18135	26221	44783
HILLSBOROUGH__FL	272963	236355	513312
HOLMES__FL	1446	7033	8589
INDIAN_RIVER__FL	29710	40176	70591
JACKSON__FL	7671	13717	21565
JEFFERSON__FL	4088	3797	7957
LAFAYETTE__FL	642	2679	3359
LAKE__FL	62948	82802	146926
LEE__FL	119701	147608	269276
LEON__FL	91747	55705	148608
LEVY__FL	6711	11754	18725
LIBERTY__FL	895	2339	3278
MADISON__FL	4270	4544	8907
MANATEE__FL	70034	80721	151994
MARION__FL	70839	89628	162022
MARTIN__FL	33508	44143	78294
MIAMI_DADE__FL	499831	360551	863486
MONROE__FL	20907	18933	40272
NASSAU__FL	10618	27403	38304
OKALOOSA__FL	25872	68789	95529
OKEECHOBEE__FL	5108	7561	12786
ORANGE__FL	273009	186832	462711
OSCEOLA__FL	59962	40086	100670
PALM_BEACH__FL	361271	226037	590500
PASCO__FL	102417	110104	214866
PINELLAS__FL	248299	210066	463282
POLK__FL	113865	128878	244833
PUTNAM__FL	13236	19637	33171
ST__JOHNS__FL	35791	69222	105844
ST__LUCIE__FL	67125	52512	120579
SANTA_ROSA__FL	19470	55972	76185
SARASOTA__FL	102686	102897	207353
SEMINOLE__FL	99335	105070	205895
SUMTER__FL	17655	30866	48868
SUWANNEE__FL	4916	12534	17662
TAYLOR__FL	2803	6457	9366
UNION__FL	1299	3933	5285
VOLUSIA__FL	127795	113938	243824
WAKULLA__FL	5311	8877	14376
WALTON__FL	7174	19561	27046
WASHINGTON__FL	2863	8178	11131
APPLING__GA	1846	5085	6996
ATKINSON__GA	938	1941	2904
BACON__GA	817	3089	3938
BAKER__GA	846	828	1687
BALDWIN__GA	8587	7823	16537
BANKS__GA	1027	5120	6241
BARROW__GA	6657	17625	24582
BARTOW__GA	9662	25976	36093
BEN_HILL__GA	2590	3417	6036
BERRIEN__GA	1471	4901	6449
BIBB__GA	38987	27037	66368
BLECKLEY__GA	1380	3657	5071
BRANTLEY__GA	1119	5080	6277
BROOKS__GA	2669	3507	6201
BRYAN__GA	3636	9112	12845
BULLOCH__GA	9586	14174	23920
BURKE__GA	5233	4344	9626
BUTTS__GA	3065	5947	9091
CALHOUN__GA	1342	862	2211
CAMDEN__GA	6482	10502	17084
CANDLER__GA	1209	2286	3518
CARROLL__GA	14334	28661	43498
CATOOSA__GA	6025	18218	24496
CHARLTON__GA	1197	2466	3685
CHATHAM__GA	62755	46829	110238
CHATTAHOOCHEE__GA	830	811	1653
CHATTOOGA__GA	2596	5572	8307
CHEROKEE__GA	22350	70279	93772
CLARKE__GA	29591	15333	45510
CLAY__GA	879	558	1440
CLAYTON__GA	82527	16506	99438
CLINCH__GA	989	1678	2696
COBB__GA	141216	170957	315444
COFFEE__GA	4811	8872	13747
COLQUITT__GA	4139	9185	13435
COLUMBIA__GA	15703	39322	55351
COOK__GA	2075	3782	5903
COWETA__GA	15521	37571	53549
CRAWFORD__GA	1832	3358	5240
CRISP__GA	3085	4424	7550
DADE__GA	1612	4703	6408
DAWSON__GA	1632	8242	9974
DECATUR__GA	4424	5890	10374
DEKALB__GA	254594	65581	322301
DODGE__GA	2595	5543	8212
DOOLY__GA	2138	1991	4160
DOUGHERTY__GA	26135	12547	38846
DOUGLAS__GA	27825	26812	55083
EARLY__GA	2603	2711	5335
ECHOLS__GA	201	981	1187
EFFINGHAM__GA	4936	15230	20316
ELBERT__GA	3366	4868	8317
EMANUEL__GA	3068	5110	8242
EVANS__GA	1374	2462	3855
FANNIN__GA	2611	7807	10584
FAYETTE__GA	20313	38501	59321
FLOYD__GA	10691	23132	34213
FORSYTH__GA	15406	59166	75376
FRANKLIN__GA	1914	6069	8073
FULTON__GA	272000	130136	405628
GILMER__GA	2614	8408	11149
GLASCOCK__GA	210	1202	1428
GLYNN__GA	12676	20479	33341
GORDON__GA	4268	13113	17607
GRADY__GA	3539	5775	9365
GREENE__GA	3339	4532	7919
GWINNETT__GA	129025	158746	290147
HABERSHAM__GA	2900	11766	14808
HALL__GA	14457	44962	59928
HANCOCK__GA	3535	795	4344
HARALSON__GA	2248	8658	11097
HARRIS__GA	4184	10648	14908
HART__GA	3365	6537	10002
HEARD__GA	1042	3133	4225
HENRY__GA	40527	47115	88229
HOUSTON__GA	22094	33392	55931
IRWIN__GA	1197	2605	3828
JACKSON__GA	4950	17776	22960
JASPER__GA	1935	3916	5904
JEFF_DAVIS__GA	1356	3867	5278
JEFFERSON__GA	4149	3061	7234
JENKINS__GA	1482	1936	3440
JOHNSON__GA	1198	2426	3647
JONES__GA	4572	7782	12438
LAMAR__GA	2752	4873	7688
LANIER__GA	1062	1787	2873
LAURENS__GA	7769	12052	19937
LEE__GA	3100	9925	13087
LIBERTY__GA	10474	5828	16376
LINCOLN__GA	1650	2731	4416
LONG__GA	1288	2119	3450
LOWNDES__GA	17651	21296	39240
LUMPKIN__GA	2586	8326	11075
MCDUFFIE__GA	3989	5400	9544
MCINTOSH__GA	2905	3282	6236
MACON__GA	3251	1712	4984
MADISON__GA	2965	8226	11365
MARION__GA	1381	1772	3188
MERIWETHER__GA	4465	4982	9504
MILLER__GA	818	1899	2738
MITCHELL__GA	3872	4201	8120
MONROE__GA	4106	7933	12131
MONTGOMERY__GA	1045	2521	3590
MORGAN__GA	3091	5987	9151
MURRAY__GA	3026	8180	11382
MUSCOGEE__GA	44158	29568	74065
NEWTON__GA	20827	20337	41435
OCONEE__GA	4825	12120	17132
OGLETHORPE__GA	2232	4144	6447
PAULDING__GA	17229	39192	56985
PEACH__GA	5927	5173	11165
PICKENS__GA	2595	10004	12786
PIERCE__GA	1253	5500	6791
PIKE__GA	1575	6547	8203
POLK__GA	4052	9850	14113
PULASKI__GA	1377	2553	3953
PUTNAM__GA	3102	5966	9132
QUITMAN__GA	597	509	1114
RABUN__GA	2001	5487	7599
RANDOLPH__GA	1833	1370	3215
RICHMOND__GA	52100	26842	79333
ROCKDALE__GA	20526	16921	37706
SCHLEY__GA	479	1252	1738
SCREVEN__GA	3024	3423	6481
SEMINOLE__GA	1660	2315	3996
SPALDING__GA	10141	14885	25255
STEPHENS__GA	2705	7689	10517
STEWART__GA	1305	783	2105
SUMTER__GA	6454	5717	12235
TALBOT__GA	2369	1301	3700
TALIAFERRO__GA	643	339	990
TATTNALL__GA	1932	4730	6714
TAYLOR__GA	1536	2021	3583
TELFAIR__GA	1862	2486	4374
TERRELL__GA	2501	1890	4416
THOMAS__GA	7720	10642	18459
TIFT__GA	4749	9431	14257
TOOMBS__GA	2964	6658	9688
TOWNS__GA	1391	4292	5739
TREUTLEN__GA	1112	1826	2954
TROUP__GA	10455	15391	26028
TURNER__GA	1427	2096	3553
TWIGGS__GA	2402	2087	4519
UNION__GA	2486	8013	10634
UPSON__GA	4061	7291	11421
WALKER__GA	6095	17110	23542
WALTON__GA	8469	27253	36026
WARE__GA	4034	8311	12416
WARREN__GA	1554	1087	2660
WASHINGTON__GA	4607	4216	8863
WAYNE__GA	2858	7601	10560
WEBSTER__GA	515	588	1111
WHEELER__GA	794	1408	2210
WHITE__GA	2174	8467	10761
WHITFIELD__GA	8167	19230	27677
WILCOX__GA	978	2159	3163
WILKES__GA	2315	2705	5052
WILKINSON__GA	2298	2349	4673
WORTH__GA	2542	5780	8370
HAWAII__HI	50819	14866	66916
HONOLULU__HI	214239	88164	306813
KAUAI__HI	20416	6245	27224
MAUI__HI	39727	11154	51789
ADA__ID	82236	93328	179402
ADAMS__ID	728	1517	2320
BANNOCK__ID	14792	19356	35105
BEAR_LAKE__ID	502	2377	2943
BENEWAH__ID	1407	2646	4164
BINGHAM__ID	4424	12230	17155
BLAINE__ID	6947	3439	10571
BOISE__ID	1240	2433	3773
BONNER__ID	7840	11145	19547
BONNEVILLE__ID	11417	29334	41703
BOUNDARY__ID	1484	3078	4733
BUTTE__ID	318	1056	1410
CAMAS__ID	187	422	618
CANYON__ID	20147	42752	64246
CARIBOU__ID	553	2656	3302
CASSIA__ID	1332	6309	7842
CLARK__ID	64	305	375
CLEARWATER__ID	1211	2569	3906
CUSTER__ID	611	1694	2352
ELMORE__ID	2591	5665	8436
FRANKLIN__ID	600	4246	5073
FREMONT__ID	1065	4700	5880
GEM__ID	2166	5585	7947
GOODING__ID	1489	3765	5391
IDAHO__ID	2017	5895	8210
JEFFERSON__ID	1641	8540	10441
JEROME__ID	1794	4897	6847
KOOTENAI__ID	22120	38387	61932
LATAH__ID	9195	7988	17714
LEMHI__ID	1061	2938	4105
LEWIS__ID	479	1275	1804
LINCOLN__ID	545	1232	1870
MADISON__ID	1627	11131	13057
MINIDOKA__ID	1630	5087	6890
NEZ_PERCE__ID	7123	10357	17823
ONEIDA__ID	381	1724	2162
OWYHEE__ID	944	3024	4058
PAYETTE__ID	2415	5988	8613
POWER__ID	1027	1754	2842
SHOSHONE__ID	2521	2953	5666
TETON__ID	2302	2263	4658
TWIN_FALLS__ID	8621	19032	28344
VALLEY__ID	2405	2772	5296
WASHINGTON__ID	1241	3168	4506
ADAMS__IL	11794	18711	30823
ALEXANDER__IL	2189	1692	3937
BOND__IL	3843	3947	7924
BOONE__IL	11333	10403	22157
BROWN__IL	986	1544	2569
BUREAU__IL	8889	7911	17113
CALHOUN__IL	1423	1221	2699
CARROLL__IL	3965	3596	7674
CASS__IL	2690	2617	5408
CHAMPAIGN__IL	48597	33871	84143
CHRISTIAN__IL	6918	7872	15100
CLARK__IL	3742	4409	8288
CLAY__IL	2425	3926	6454
CLINTON__IL	7657	9357	17314
COLES__IL	11716	10978	23076
COOK__IL	1629024	487736	2137466
CRAWFORD__IL	3883	5070	9129
CUMBERLAND__IL	2055	3156	5321
DEKALB__IL	25784	18266	44818
DE_WITT__IL	3308	4348	7801
DOUGLAS__IL	3228	5005	8356
DUPAGE__IL	228698	183626	417973
EDGAR__IL	3743	4398	8255
EDWARDS__IL	1140	2137	3350
EFFINGHAM__IL	5262	11323	16835
FAYETTE__IL	3967	5499	9680
FORD__IL	2227	4079	6386
FRANKLIN__IL	8880	9404	18641
FULTON__IL	9732	6251	16323
GALLATIN__IL	1587	1212	2859
GREENE__IL	2619	3053	5807
GRUNDY__IL	11063	10687	22171
HAMILTON__IL	1796	2353	4264
HANCOCK__IL	4141	5161	9469
HARDIN__IL	892	1330	2255
HENDERSON__IL	2215	1541	3814
HENRY__IL	13181	11263	24785
IROQUOIS__IL	4643	8695	13596
JACKSON__IL	15248	9687	25532
JASPER__IL	2063	2964	5131
JEFFERSON__IL	7462	9302	17141
JERSEY__IL	5042	5329	10583
JO_DAVIESS__IL	6403	5170	11750
JOHNSON__IL	1871	3912	5901
KANE__IL	106756	83963	193299
KANKAKEE__IL	24750	22527	48016
KENDALL__IL	24742	21380	46631
KNOX__IL	14191	9419	23988
LAKE__IL	177242	118545	299105
LA_SALLE__IL	27443	21872	50185
LAWRENCE__IL	3016	3403	6536
LEE__IL	7765	8258	16318
LIVINGSTON__IL	6189	9191	15625
LOGAN__IL	5250	7429	12896
MCDONOUGH__IL	6783	6055	13042
MCHENRY__IL	72288	64845	139268
MCLEAN__IL	37689	36767	75750
MACON__IL	25487	24948	51216
MACOUPIN__IL	12090	9891	22373
MADISON__IL	68979	57177	128334
MARION__IL	8345	8691	17364
MARSHALL__IL	3081	3145	6333
MASON__IL	3542	3141	6808
MASSAC__IL	2693	4371	7186
MENARD__IL	2706	3672	6464
MERCER__IL	4887	3833	8848
MONROE__IL	7953	9881	18083
MONTGOMERY__IL	6491	6150	12871
MORGAN__IL	7467	7591	15353
MOULTRIE__IL	2668	3471	6260
OGLE__IL	11253	13144	24850
PEORIA__IL	45906	34579	81704
PERRY__IL	4701	5086	9995
PIATT__IL	3859	4991	8999
PIKE__IL	3024	4457	7616
POPE__IL	845	1343	2231
PULASKI__IL	1638	1593	3270
PUTNAM__IL	1900	1378	3337
RANDOLPH__IL	7395	7538	15202
RICHLAND__IL	3181	4329	7650
ROCK_ISLAND__IL	42210	25364	68401
ST__CLAIR__IL	76160	47958	125744
SALINE__IL	5083	6099	11428
SANGAMON__IL	51300	46945	99828
SCHUYLER__IL	1900	1833	3823
SCOTT__IL	1090	1455	2600
SHELBY__IL	4245	6396	10868
STARK__IL	1357	1513	2907
STEPHENSON__IL	11349	9909	21605
TAZEWELL__IL	29384	33247	63854
UNION__IL	3918	5003	9116
VERMILION__IL	16246	16054	32872
WABASH__IL	2462	3254	5782
WARREN__IL	4286	3637	8029
WASHINGTON__IL	3342	4473	7932
WAYNE__IL	2547	5390	8071
WHITE__IL	3315	3987	7453
WHITESIDE__IL	15607	10883	26906
WILL__IL	160406	122597	286420
WILLIAMSON__IL	12914	17387	30821
WINNEBAGO__IL	70034	53886	126031
WOODFORD__IL	6999	12191	19483
ADAMS__IN	4928	8404	13513
ALLEN__IN	71263	77793	150324
BARTHOLOMEW__IN	13567	17067	31043
BENTON__IN	1563	2183	3814
BLACKFORD__IN	2677	2690	5441
BOONE__IN	9752	16622	26647
BROWN__IN	3854	4060	8055
CARROLL__IN	3736	4858	8736
CASS__IN	7011	8346	15653
CLARK__IN	21953	25326	47725
CLAY__IN	4954	6267	11395
CLINTON__IN	5307	6919	12392
CRAWFORD__IN	2286	2393	4744
DAVIESS__IN	3370	7098	10586
DEARBORN__IN	7123	14886	22217
DECATUR__IN	3892	6449	10488
DEKALB__IN	7175	9780	17149
DELAWARE__IN	28384	20916	49863
DUBOIS__IN	8748	9526	18565
ELKHART__IN	31398	39396	71458
FAYETTE__IN	4389	4917	9462
FLOYD__IN	16263	19957	36537
FOUNTAIN__IN	3094	4158	7410
FRANKLIN__IN	3404	7018	10610
FULTON__IN	3702	5147	9006
GIBSON__IN	6455	8449	15095
GRANT__IN	11293	14734	26299
GREENE__IN	5709	7691	13629
HAMILTON__IN	49704	78401	129064
HANCOCK__IN	11874	22008	34253
HARRISON__IN	7288	10551	18091
HENDRICKS__IN	24548	39728	64955
HENRY__IN	10059	10896	21319
HOWARD__IN	17871	20248	38624
HUNTINGTON__IN	5843	10291	16328
JACKSON__IN	7354	9726	17374
JASPER__IN	5044	7669	12875
JAY__IN	3748	4401	8315
JEFFERSON__IN	6255	7053	13490
JENNINGS__IN	5312	6261	11839
JOHNSON__IN	21553	36487	58644
KNOX__IN	7569	8639	16424
KOSCIUSKO__IN	9236	20488	30134
LAGRANGE__IN	3663	5702	9491
LAKE__IN	139301	67742	208757
LAPORTE__IN	28258	17918	46919
LAWRENCE__IN	7208	11018	18534
MADISON__IN	30152	26403	57340
MARION__IN	241987	134313	379362
MARSHALL__IN	7889	10406	18550
MARTIN__IN	1706	3122	4903
MIAMI__IN	5564	8312	14113
MONROE__IN	41450	21118	63215
MONTGOMERY__IN	6013	9060	15285
MORGAN__IN	10330	18129	28811
NEWTON__IN	2625	3301	6045
NOBLE__IN	7064	9673	16974
OHIO__IN	1158	1713	2918
ORANGE__IN	3390	4536	8086
OWEN__IN	3570	4415	8170
PARKE__IN	2924	3909	6964
PERRY__IN	5141	3202	8490
PIKE__IN	2700	3221	6028
PORTER__IN	39178	33857	73916
POSEY__IN	5828	6804	12771
PULASKI__IN	2466	3388	5964
PUTNAM__IN	6334	8086	14646
RANDOLPH__IN	4839	5788	10808
RIPLEY__IN	4187	7794	12188
RUSH__IN	3229	4271	7629
ST__JOSEPH__IN	68710	48510	118389
SCOTT__IN	4271	4445	8877
SHELBY__IN	6987	10333	17574
SPENCER__IN	5039	5001	10181
STARKE__IN	4778	4473	9466
STEUBEN__IN	6284	7674	14146
SULLIVAN__IN	4284	4343	8782
SWITZERLAND__IN	1638	1940	3640
TIPPECANOE__IN	37781	29822	68436
TIPTON__IN	3250	4452	7827
UNION__IN	1224	2061	3348
VANDERBURGH__IN	39423	37512	77656
VERMILLION__IN	4003	3010	7135
VIGO__IN	25040	18121	43706
WABASH__IN	5456	8238	13871
WARREN__IN	1755	2166	3998
WARRICK__IN	12329	16013	28665
WASHINGTON__IN	4562	6519	11305
WAYNE__IN	13459	14558	28562
WELLS__IN	4403	8504	13073
WHITE__IN	4839	5731	10767
WHITLEY__IN	5862	9124	15188
ADAIR__IA	1924	2060	4053
ADAMS__IA	1118	1046	2206
ALLAMAKEE__IA	3971	2965	7059
APPANOOSE__IA	2970	3086	6176
AUDUBON__IA	1739	1634	3435
BENTON__IA	7058	6447	13712
BLACK_HAWK__IA	39184	24662	64775
BOONE__IA	7356	6293	13929
BREMER__IA	6940	5741	12871
BUCHANAN__IA	6050	4139	10338
BUENA_VISTA__IA	4075	4223	8418
BUTLER__IA	3364	3700	7166
CALHOUN__IA	2341	2741	5195
CARROLL__IA	5302	4922	10387
CASS__IA	3211	4006	7350
CEDAR__IA	5221	4289	9665
CERRO_GORDO__IA	14405	9375	24140
CHEROKEE__IA	2890	3372	6365
CHICKASAW__IA	3923	2557	6583
CLARKE__IA	2218	2118	4443
CLAY__IA	3925	4355	8398
CLAYTON__IA	5195	3651	8989
CLINTON__IA	15018	9324	24719
CRAWFORD__IA	3715	3345	7191
DALLAS__IA	15149	16954	32640
DAVIS__IA	1680	2029	3815
DECATUR__IA	1986	2020	4102
DELAWARE__IA	4649	4113	8901
DES_MOINES__IA	12462	7721	20570
DICKINSON__IA	4625	5162	9906
DUBUQUE__IA	28611	18651	47953
EMMET__IA	2570	2373	5015
FAYETTE__IA	5908	4205	10259
FLOYD__IA	4822	3051	8091
FRANKLIN__IA	2575	2501	5148
FREMONT__IA	1848	1989	3894
GREENE__IA	2371	2349	4804
GRUNDY__IA	2790	3945	6828
GUTHRIE__IA	2625	3074	5847
HAMILTON__IA	4018	3913	8078
HANCOCK__IA	2805	3016	5930
HARDIN__IA	4393	4315	8859
HARRISON__IA	3555	3909	7578
HENRY__IA	4349	4822	9377
HOWARD__IA	2941	1722	4728
HUMBOLDT__IA	2160	2895	5122
IDA__IA	1454	2036	3547
IOWA__IA	4202	4188	8546
JACKSON__IA	6102	3673	9955
JASPER__IA	10250	8794	19421
JEFFERSON__IA	5070	3324	8631
JOHNSON__IA	51027	20732	72975
JONES__IA	5446	4405	10004
KEOKUK__IA	2518	2712	5361
KOSSUTH__IA	4625	4329	9097
LEE__IA	9821	7062	17224
LINN__IA	68037	43626	113355
LOUISA__IA	2523	2314	4920
LUCAS__IA	2029	2330	4471
LYON__IA	1675	4471	6217
MADISON__IA	3733	4579	8480
MAHASKA__IA	4464	6271	10932
MARION__IA	7421	9256	17030
MARSHALL__IA	10023	8278	18657
MILLS__IA	2976	4183	7282
MITCHELL__IA	3179	2469	5766
MONONA__IA	2295	2411	4796
MONROE__IA	1798	2000	3873
MONTGOMERY__IA	2326	2887	5287
MUSCATINE__IA	10920	7929	19119
O_BRIEN__IA	2338	4894	7333
OSCEOLA__IA	1037	2027	3127
PAGE__IA	2900	4351	7356
PALO_ALTO__IA	2428	2294	4806
PLYMOUTH__IA	4629	7765	12512
POCAHONTAS__IA	1800	2138	4011
POLK__IA	120984	89668	214386
POTTAWATTAMIE__IA	20436	21237	42320
POWESHIEK__IA	5519	4340	10031
RINGGOLD__IA	1236	1401	2689
SAC__IA	2256	2705	5053
SCOTT__IA	48927	36365	86371
SHELBY__IA	2863	3488	6453
SIOUX__IA	3030	13490	16664
STORY__IA	26548	18995	46575
TAMA__IA	4899	3820	8850
TAYLOR__IA	1347	1607	3026
UNION__IA	3000	2781	5909
VAN_BUREN__IA	1546	1986	3608
WAPELLO__IA	8820	6663	15931
WARREN__IA	12299	12144	24880
WASHINGTON__IA	5170	5247	10626
WAYNE__IA	1357	1565	2980
WEBSTER__IA	9917	8337	18554
WINNEBAGO__IA	3254	2730	6082
WINNESHIEK__IA	6829	4273	11280
WOODBURY__IA	21983	22219	44801
WORTH__IA	2567	1612	4257
WRIGHT__IA	3102	3198	6395
ALLEN__KS	2189	3552	5855
ANDERSON__KS	1175	2362	3626
ATCHISON__KS	3241	3791	7191
BARBER__KS	598	1833	2462
BARTON__KS	3027	7802	11057
BOURBON__KS	2394	4240	6781
BROWN__KS	1317	2985	4376
BUTLER__KS	9159	18155	27873
CHASE__KS	383	976	1384
CHAUTAUQUA__KS	401	1418	1852
CHEROKEE__KS	3594	5886	9665
CHEYENNE__KS	323	1148	1498
CLARK__KS	245	897	1159
CLAY__KS	1009	2998	4054
CLOUD__KS	1233	3121	4451
COFFEY__KS	1121	3054	4232
COMANCHE__KS	194	765	974
COWLEY__KS	5012	8492	13787
CRAWFORD__KS	7957	7735	16075
DECATUR__KS	343	1189	1548
DICKINSON__KS	2422	6081	8667
DONIPHAN__KS	1115	2372	3564
DOUGLAS__KS	34398	17929	53398
EDWARDS__KS	333	995	1357
ELK__KS	363	1042	1434
ELLIS__KS	4010	8207	12447
ELLSWORTH__KS	851	2021	2938
FINNEY__KS	3275	6926	10354
FORD__KS	2991	5730	8864
FRANKLIN__KS	4433	7079	11739
GEARY__KS	3491	4492	8094
GOVE__KS	261	1136	1418
GRAHAM__KS	325	1060	1423
GRANT__KS	635	1995	2661
GRAY__KS	436	1643	2119
GREELEY__KS	151	591	745
GREENWOOD__KS	622	1619	2279
HAMILTON__KS	233	844	1096
HARPER__KS	736	1999	2796
HARVEY__KS	6318	9006	15613
HASKELL__KS	278	1277	1570
HODGEMAN__KS	211	865	1096
JACKSON__KS	2308	3811	6253
JEFFERSON__KS	3542	5220	8950
JEWELL__KS	313	1231	1584
JOHNSON__KS	127091	152627	283432
KEARNY__KS	309	1159	1482
KINGMAN__KS	963	2603	3664
KIOWA__KS	200	912	1135
LABETTE__KS	3839	5001	9031
LANE__KS	193	814	1027
LEAVENWORTH__KS	13255	16791	30591
LINCOLN__KS	347	1204	1586
LINN__KS	1425	3086	4617
LOGAN__KS	225	1187	1440
LYON__KS	5924	6698	12911
MCPHERSON__KS	4218	8937	13386
MARION__KS	1801	4159	6059
MARSHALL__KS	1784	3157	5036
MEADE__KS	357	1540	1931
MIAMI__KS	5742	9382	15377
MITCHELL__KS	701	2440	3203
MONTGOMERY__KS	4338	9309	13907
MORRIS__KS	907	1875	2841
MORTON__KS	229	1153	1402
NEMAHA__KS	1432	3817	5359
NEOSHO__KS	2563	4473	7192
NESS__KS	289	1207	1525
NORTON__KS	497	1878	2415
OSAGE__KS	2534	4820	7544
OSBORNE__KS	403	1490	1930
OTTAWA__KS	704	2323	3086
PAWNEE__KS	882	1946	2879
PHILLIPS__KS	525	2105	2667
POTTAWATOMIE__KS	2599	6929	9837
PRATT__KS	1294	2822	4190
RAWLINS__KS	273	1247	1549
RENO__KS	9916	16112	26512
REPUBLIC__KS	640	1978	2671
RICE__KS	1163	2780	4021
RILEY__KS	10495	12111	22997
ROOKS__KS	468	2068	2588
RUSH__KS	504	1225	1781
RUSSELL__KS	736	2509	3293
SALINE__KS	8186	14165	22788
SCOTT__KS	321	1823	2179
SEDGWICK__KS	82337	106849	192733
SEWARD__KS	1493	3791	5336
SHAWNEE__KS	41235	41476	84177
SHERIDAN__KS	254	1108	1376
SHERMAN__KS	688	1959	2704
SMITH__KS	446	1719	2204
STAFFORD__KS	542	1495	2074
STANTON__KS	188	628	827
STEVENS__KS	283	1815	2127
SUMNER__KS	3353	6737	10337
THOMAS__KS	787	2837	3673
TREGO__KS	420	1225	1671
WABAUNSEE__KS	1036	2395	3521
WALLACE__KS	96	690	804
WASHINGTON__KS	659	2248	2980
WICHITA__KS	163	840	1019
WILSON__KS	1170	2850	4121
WOODSON__KS	512	1055	1599
WYANDOTTE__KS	39865	16506	57169
ADAIR__KY	1668	5512	7298
ALLEN__KY	2024	5258	7390
ANDERSON__KY	3462	6885	10552
BALLARD__KY	1427	2537	4060
BARREN__KY	5434	11133	16807
BATH__KY	2210	2234	4543
BELL__KY	2782	6681	9598
BOONE__KY	16292	33812	50774
BOURBON__KY	3385	4820	8330
BOYD__KY	8886	11430	20670
BOYLE__KY	4769	7701	12635
BRACKEN__KY	1241	2066	3399
BREATHITT__KY	2205	2671	5030
BRECKINRIDGE__KY	3110	5281	8522
BULLITT__KY	10177	20102	30726
BUTLER__KY	1555	3696	5307
CALDWELL__KY	2212	3866	6199
CALLOWAY__KY	6165	8991	15404
CAMPBELL__KY	15622	24046	40297
CARLISLE__KY	879	1699	2617
CARROLL__KY	1716	2032	3835
CARTER__KY	4316	5252	9813
CASEY__KY	1219	4679	5957
CHRISTIAN__KY	8880	13699	22778
CLARK__KY	5749	9664	15628
CLAY__KY	1552	5710	7364
CLINTON__KY	761	3366	4172
CRITTENDEN__KY	1254	2604	3930
CUMBERLAND__KY	697	2056	2797
DAVIESS__KY	19282	23692	43622
EDMONSON__KY	1652	3562	5270
ELLIOTT__KY	1535	902	2515
ESTILL__KY	1555	3685	5314
FAYETTE__KY	66042	59884	127639
FLEMING__KY	2279	3432	5832
FLOYD__KY	7530	7741	15659
FRANKLIN__KY	11767	11911	24079
FULTON__KY	1238	1530	2825
GALLATIN__KY	1278	1840	3193
GARRARD__KY	2012	5118	7210
GRANT__KY	3112	5510	8754
GRAVES__KY	5843	10056	16155
GRAYSON__KY	3154	6605	9903
GREEN__KY	1204	3785	5079
GREENUP__KY	6621	8849	15798
HANCOCK__KY	2135	1928	4144
HARDIN__KY	15650	23896	39990
HARLAN__KY	2586	7165	9914
HARRISON__KY	2916	4520	7590
HART__KY	2290	4397	6818
HENDERSON__KY	10049	9523	19861
HENRY__KY	2725	4081	6919
HICKMAN__KY	812	1406	2250
HOPKINS__KY	7104	11916	19348
JACKSON__KY	743	4407	5224
JEFFERSON__KY	196435	153957	353892
JESSAMINE__KY	6236	13711	20214
JOHNSON__KY	2407	5948	8517
KENTON__KY	26480	40714	68213
KNOTT__KY	2612	3070	5820
KNOX__KY	3074	8150	11389
LARUE__KY	1913	4153	6178
LAUREL__KY	4618	17660	22500
LAWRENCE__KY	2036	3503	5649
LEE__KY	752	1978	2773
LESLIE__KY	766	3574	4397
LETCHER__KY	2623	5367	8235
LEWIS__KY	1510	3213	4791
LINCOLN__KY	2752	6273	9151
LIVINGSTON__KY	1622	2890	4593
LOGAN__KY	3811	6925	10890
LYON__KY	1577	2220	3855
MCCRACKEN__KY	11285	19043	30754
MCCREARY__KY	1258	4078	5407
MCLEAN__KY	1963	2386	4422
MADISON__KY	12392	19694	32537
MAGOFFIN__KY	2105	2434	4651
MARION__KY	3596	3842	7615
MARSHALL__KY	5683	9512	15487
MARTIN__KY	808	2824	3692
MASON__KY	2891	4102	7121
MEADE__KY	4343	6691	11206
MENIFEE__KY	1276	1155	2489
MERCER__KY	3159	6781	10060
METCALFE__KY	1350	2734	4199
MONROE__KY	1067	3537	4665
MONTGOMERY__KY	4234	5947	10331
MORGAN__KY	1879	2396	4379
MUHLENBERG__KY	6221	6447	12889
NELSON__KY	7654	10139	18146
NICHOLAS__KY	1272	1634	2970
OHIO__KY	4059	5687	9938
OLDHAM__KY	10000	18997	29316
OWEN__KY	1694	2969	4751
OWSLEY__KY	381	1279	1686
PENDLETON__KY	2027	3676	5802
PERRY__KY	3444	6762	10375
PIKE__KY	9525	12655	22643
POWELL__KY	2065	2837	4972
PULASKI__KY	5590	19862	25766
ROBERTSON__KY	451	533	1015
ROCKCASTLE__KY	1410	4757	6274
ROWAN__KY	4074	3907	8154
RUSSELL__KY	1569	5779	7475
SCOTT__KY	7712	11782	19730
SHELBY__KY	6871	11451	18540
SIMPSON__KY	2775	4437	7309
SPENCER__KY	2519	5378	8049
TAYLOR__KY	3165	7568	10860
TODD__KY	1543	3336	4941
TRIGG__KY	2246	4189	6527
TRIMBLE__KY	1484	2239	3812
UNION__KY	2804	3120	6034
WARREN__KY	17669	25993	44145
WASHINGTON__KY	1890	3305	5275
WAYNE__KY	2201	4868	7196
WEBSTER__KY	2390	3037	5540
WHITLEY__KY	3484	10015	13704
WOLFE__KY	1493	1408	2968
WOODFORD__KY	5027	7130	12297
ACADIA__LA	7028	19228	26710
ALLEN__LA	2891	6333	9467
ASCENSION__LA	14625	31239	46571
ASSUMPTION__LA	4756	5981	10960
AVOYELLES__LA	6327	10236	16938
BEAUREGARD__LA	3071	10718	14074
BIENVILLE__LA	3589	3776	7430
BOSSIER__LA	12701	32706	45826
CADDO__LA	55220	52105	108220
CALCASIEU__LA	30244	50449	82131
CALDWELL__LA	1118	3696	4893
CAMERON__LA	613	3089	3797
CATAHOULA__LA	1659	3486	5225
CLAIBORNE__LA	3025	3750	6841
CONCORDIA__LA	3766	5668	9527
DE_SOTO__LA	5242	6883	12257
EAST_BATON_ROUGE__LA	99652	95390	197349
EAST_CARROLL__LA	2267	1254	3559
EAST_FELICIANA__LA	4383	5432	9947
EVANGELINE__LA	5853	9793	15976
FRANKLIN__LA	2959	6278	9356
GRANT__LA	1474	6906	8557
IBERIA__LA	12492	20127	33168
IBERVILLE__LA	9023	7185	16421
JACKSON__LA	2456	5190	7736
JEFFERSON__LA	65096	113191	181120
JEFFERSON_DAVIS__LA	3923	9278	13501
LAFAYETTE__LA	32145	62055	95642
LAFOURCHE__LA	9662	27089	37893
LASALLE__LA	860	5602	6553
LINCOLN__LA	8267	10676	19150
LIVINGSTON__LA	6681	43269	50892
MADISON__LA	3100	2152	5300
MOREHOUSE__LA	5792	7258	13200
NATCHITOCHES__LA	7801	9054	17067
ORLEANS__LA	116042	28041	146287
OUACHITA__LA	24813	41741	67244
PLAQUEMINES__LA	3380	6894	10449
POINTE_COUPEE__LA	5516	6702	12435
RAPIDES__LA	20127	36611	57521
RED_RIVER__LA	2080	2484	4629
RICHLAND__LA	3311	5751	9181
SABINE__LA	2245	7226	9652
ST__BERNARD__LA	3491	9642	13540
ST__CHARLES__LA	8522	16457	25397
ST__HELENA__LA	3567	2522	6184
ST__JAMES__LA	6994	5432	12564
ST__JOHN_THE_BAPTIST__LA	12424	8912	21656
ST__LANDRY__LA	20268	21650	42493
ST__MARTIN__LA	9419	14443	24252
ST__MARY__LA	9345	13183	22903
ST__TAMMANY__LA	24589	83047	109503
TANGIPAHOA__LA	16438	31434	48602
TENSAS__LA	1646	1367	3040
TERREBONNE__LA	11579	28208	40692
UNION__LA	3103	7619	10868
VERMILION__LA	6266	18069	24833
VERNON__LA	3534	11946	15769
WASHINGTON__LA	6122	12215	18624
WEBSTER__LA	6610	11417	18270
WEST_BATON_ROUGE__LA	5043	6654	11866
WEST_CARROLL__LA	878	4045	4987
WEST_FELICIANA__LA	2414	3149	5618
WINN__LA	2047	4632	6772
ANDROSCOGGIN__ME	31017	22671	54850
AROOSTOOK__ME	19345	15898	35994
CUMBERLAND__ME	105218	56186	164151
FRANKLIN__ME	10113	6627	17178
HANCOCK__ME	18895	12686	32165
KENNEBEC__ME	37238	27482	65986
KNOX__ME	13728	8816	22980
LINCOLN__ME	11886	9287	21584
OXFORD__ME	17940	12863	31650
PENOBSCOT__ME	41614	37495	80467
PISCATAQUIS__ME	4430	4785	9434
SAGADAHOC__ME	12152	8721	21301
SOMERSET__ME	13335	11867	25758
WALDO__ME	11967	9423	21850
WASHINGTON__ME	8246	8077	16654
YORK__ME	64799	42389	109161
ALLEGANY__MD	10693	18405	29742
ANNE_ARUNDEL__MD	125015	129682	259619
BALTIMORE_COUNTY__MD	214151	158714	380938
CALVERT__MD	20299	23095	44057
CAROLINE__MD	4971	8015	13218
CARROLL__MD	28060	54503	84760
CECIL__MD	17665	23855	42494
CHARLES__MD	43635	25732	70127
DORCHESTER__MD	6912	8168	15274
FREDERICK__MD	54013	55170	111186
GARRETT__MD	3736	8903	12872
HARFORD__MD	48552	71751	123295
HOWARD__MD	87120	55393	145233
KENT__MD	4953	4905	10020
MONTGOMERY__MD	314444	118608	439261
PRINCE_GEORGE_S__MD	332396	38833	374026
QUEEN_ANNE_S__MD	8575	15087	24045
ST_MARY_S__MD	19023	24705	44409
SOMERSET__MD	4779	5037	9924
TALBOT__MD	9035	10995	20328
WASHINGTON__MD	26245	34169	61600
WICOMICO__MD	19436	21849	41854
WORCESTER__MD	11374	15607	27346
BALTIMORE_CITY__MD	214385	28681	245968
BARNSTABLE__MA	74264	55694	132270
BERKSHIRE__MA	49558	14876	66130
BRISTOL__MA	146861	90597	243120
DUKES__MA	7913	2442	10553
ESSEX__MA	208976	137189	353665
FRANKLIN__MA	27919	9545	38549
HAMPDEN__MA	121454	71350	197841
HAMPSHIRE__MA	56869	20618	79570
MIDDLESEX__MA	464484	245769	726031
NANTUCKET__MA	4073	1863	6052
NORFOLK__MA	200675	136741	344916
PLYMOUTH__MA	131823	112901	249828
SUFFOLK__MA	207127	57194	269221
WORCESTER__MA	202107	152106	363590
ALCONA__MI	2896	3404	6420
ALGER__MI	2472	2188	4750
ALLEGAN__MI	24165	30061	55279
ALPENA__MI	7705	7125	15085
ANTRIM__MI	6079	7506	13852
ARENAC__MI	4155	3807	8128
BARAGA__MI	1725	1846	3644
BARRY__MI	13449	16431	30565
BAY__MI	32589	23795	57428
BENZIE__MI	5451	4687	10309
BERRIEN__MI	40381	36130	77666
BRANCH__MI	8413	9534	18285
CALHOUN__MI	34561	28553	64196
CASS__MI	12083	11114	23576
CHARLEVOIX__MI	6817	7306	14367
CHEBOYGAN__MI	6720	6920	13901
CHIPPEWA__MI	8184	8267	16708
CLARE__MI	7496	6793	14567
CLINTON__MI	20005	19726	40381
CRAWFORD__MI	3441	3561	7178
DELTA__MI	9974	8763	19064
DICKINSON__MI	5995	7049	13311
EATON__MI	30742	25900	57616
EMMET__MI	8515	9314	18149
GENESEE__MI	143927	72451	219896
GLADWIN__MI	6590	6391	13241
GOGEBIC__MI	4757	3330	8264
GRAND_TRAVERSE__MI	23258	24716	48733
GRATIOT__MI	9105	8322	17738
HILLSDALE__MI	8765	11221	20449
HOUGHTON__MI	7476	8101	15972
HURON__MI	8367	8434	17135
INGHAM__MI	93994	46483	142729
IONIA__MI	12565	14156	27319
IOSCO__MI	7309	6583	14187
IRON__MI	3080	2947	6162
ISABELLA__MI	16679	11220	28350
JACKSON__MI	37480	35692	74503
KALAMAZOO__MI	77051	51554	130781
KALKASKA__MI	3780	4527	8499
KENT__MI	149909	148336	303235
KEWEENAW__MI	610	756	1410
LAKE__MI	2919	2269	5292
LAPEER__MI	21457	22831	45362
LEELANAU__MI	7355	6938	14464
LENAWEE__MI	24640	22225	47734
LIVINGSTON__MI	42349	55592	99638
LUCE__MI	1191	1490	2740
MACKINAC__MI	3027	3268	6396
MACOMB__MI	223784	187663	419216
MANISTEE__MI	7235	5510	13009
MARQUETTE__MI	19635	12906	33185
MASON__MI	7817	7147	15223
MECOSTA__MI	9101	9238	18664
MENOMINEE__MI	5981	4855	11072
MIDLAND__MI	20701	22263	43707
MISSAUKEE__MI	2898	4469	7492
MONROE__MI	39180	35858	76422
MONTCALM__MI	13208	13291	27051
MONTMORENCY__MI	2403	2841	5360
MUSKEGON__MI	53821	29145	84271
NEWAYGO__MI	10790	11862	23105
OAKLAND__MI	372566	276956	659068
OCEANA__MI	6405	5860	12509
OGEMAW__MI	5391	5133	10768
ONTONAGON__MI	1966	1823	3885
OSCEOLA__MI	4855	5973	11026
OSCODA__MI	1887	2320	4328
OTSEGO__MI	5634	6752	12616
OTTAWA__MI	50828	83330	136268
PRESQUE_ISLE__MI	3722	3606	7505
ROSCOMMON__MI	7082	6727	14051
SAGINAW__MI	60276	42225	104090
ST__CLAIR__MI	40677	38536	80900
ST__JOSEPH__MI	12322	12886	25702
SANILAC__MI	9047	10679	20169
SCHOOLCRAFT__MI	2184	2058	4326
SHIAWASSEE__MI	19397	16268	36415
TUSCOLA__MI	13503	13740	27798
VAN_BUREN__MI	18588	15534	34766
WASHTENAW__MI	130578	53946	187115
WAYNE__MI	660085	219582	890326
WEXFORD__MI	7379	8044	15704
AITKIN__MN	4595	4589	9410
ANOKA__MN	86976	91357	182224
BECKER__MN	7687	8851	16965
BELTRAMI__MN	12019	9762	22236
BENTON__MN	8454	10338	19339
BIG_STONE__MN	1552	1362	2990
BLUE_EARTH__MN	19325	14782	35070
BROWN__MN	5809	7456	13620
CARLTON__MN	11501	6549	18449
CARVER__MN	20654	28156	49683
CASS__MN	7276	8660	16307
CHIPPEWA__MN	3280	2907	6356
CHISAGO__MN	12783	15789	29305
CLAY__MN	16666	11978	29259
CLEARWATER__MN	1877	2291	4261
COOK__MN	2019	1240	3348
COTTONWOOD__MN	2759	3157	6036
CROW_WING__MN	15859	18567	35165
DAKOTA__MN	116778	104364	225472
DODGE__MN	4463	5468	10213
DOUGLAS__MN	9256	11241	20918
FARIBAULT__MN	3736	4196	8152
FILLMORE__MN	5921	4993	11234
FREEBORN__MN	9915	6955	17280
GOODHUE__MN	12420	12775	25795
GRANT__MN	1850	1646	3605
HENNEPIN__MN	420958	231054	663780
HOUSTON__MN	5906	4743	10883
HUBBARD__MN	4872	6558	11638
ISANTI__MN	8248	11324	20053
ITASCA__MN	13460	10309	24395
JACKSON__MN	2618	2858	5623
KANABEC__MN	3743	4479	8499
KANDIYOHI__MN	10125	11319	21895
KITTSON__MN	1492	1016	2568
KOOCHICHING__MN	3649	2962	6802
LAC_QUI_PARLE__MN	2160	1912	4192
LAKE__MN	4174	2636	6969
LAKE_OF_THE_WOODS__MN	971	1278	2313
LE_SUEUR__MN	6994	7636	15009
LINCOLN__MN	1517	1491	3126
LYON__MN	6110	6315	12708
MCLEOD__MN	7505	10993	19029
MAHNOMEN__MN	1436	843	2343
MARSHALL__MN	2311	2285	4739
MARTIN__MN	4413	6053	10754
MEEKER__MN	5380	6737	12545
MILLE_LACS__MN	6072	7049	13544
MORRISON__MN	6547	9735	16743
MOWER__MN	11605	7075	19187
MURRAY__MN	2345	2320	4813
NICOLLET__MN	9887	7968	18245
NOBLES__MN	4244	4368	8813
NORMAN__MN	2129	1204	3434
OLMSTED__MN	38711	36202	76470
OTTER_TAIL__MN	13856	18077	32687
PENNINGTON__MN	3394	3248	6822
PINE__MN	7084	6862	14383
PIPESTONE__MN	2023	2652	4801
POLK__MN	7850	7148	15334
POPE__MN	3317	3069	6536
RAMSEY__MN	182974	88942	277386
RED_LAKE__MN	1120	983	2191
REDWOOD__MN	3250	4308	7806
RENVILLE__MN	3904	3956	8135
RICE__MN	17381	13723	31799
ROCK__MN	2079	2775	4975
ROSEAU__MN	3097	4438	7700
ST__LOUIS__MN	77351	38742	118814
SCOTT__MN	29208	36724	67132
SHERBURNE__MN	17957	26140	44990
SIBLEY__MN	2998	4492	7729
STEARNS__MN	35690	41194	78756
STEELE__MN	9016	10068	19656
STEVENS__MN	2781	2710	5634
SWIFT__MN	2907	2184	5244
TODD__MN	5277	6637	12257
TRAVERSE__MN	1043	933	2035
WABASHA__MN	5646	5935	11893
WADENA__MN	2882	4128	7169
WASECA__MN	4401	5211	9888
WASHINGTON__MN	70277	64334	137059
WATONWAN__MN	2562	2526	5258
WILKIN__MN	1550	1786	3414
WINONA__MN	16308	10975	27935
WRIGHT__MN	26343	37779	65578
YELLOW_MEDICINE__MN	2816	2579	5569
ADAMS__MS	9021	6566	15696
ALCORN__MS	4130	10805	15019
AMITE__MS	3348	4245	7626
ATTALA__MS	3849	5273	9162
BENTON__MS	2227	2329	4606
BOLIVAR__MS	10334	4891	15332
CALHOUN__MS	2522	4467	7011
CARROLL__MS	2037	3902	5955
CHICKASAW__MS	4588	4395	9020
CHOCTAW__MS	1459	2624	4105
CLAIBORNE__MS	4682	748	5449
CLARKE__MS	3121	5229	8372
CLAY__MS	6558	4466	11056
COAHOMA__MS	7597	2917	10551
COPIAH__MS	7710	6701	14464
COVINGTON__MS	3852	5523	9423
DESOTO__MS	19627	44222	64109
FORREST__MS	11622	15296	27083
FRANKLIN__MS	1733	2909	4667
GEORGE__MS	1532	7700	9284
GREENE__MS	1366	4361	5766
GRENADA__MS	5029	6234	11304
HANCOCK__MS	3768	13020	17007
HARRISON__MS	22673	38757	61684
HINDS__MS	75401	32949	108662
HOLMES__MS	7765	1714	9523
HUMPHREYS__MS	3634	1462	5114
ISSAQUENA__MS	579	364	946
ITAWAMBA__MS	2084	7663	9834
JACKSON__MS	17781	35993	54063
JASPER__MS	5025	4135	9187
JEFFERSON__MS	3883	551	4470
JEFFERSON_DAVIS__MS	4454	2871	7350
JONES__MS	8846	20157	29161
KEMPER__MS	3256	1935	5209
LAFAYETTE__MS	7997	10278	18396
LAMAR__MS	5159	18497	23806
LAUDERDALE__MS	13332	19582	33039
LAWRENCE__MS	2587	4369	6979
LEAKE__MS	4151	5148	9330
LEE__MS	12021	22694	34841
LEFLORE__MS	8914	4105	13081
LINCOLN__MS	5505	10781	16353
LOWNDES__MS	13209	13994	27387
MADISON__MS	19831	27203	47177
MARION__MS	4422	8513	12979
MARSHALL__MS	9685	6683	16445
MONROE__MS	7169	10184	17422
MONTGOMERY__MS	2609	3071	5699
NESHOBA__MS	3114	8209	11352
NEWTON__MS	3218	6479	9735
NOXUBEE__MS	5030	1525	6580
OKTIBBEHA__MS	9326	9320	18792
PANOLA__MS	8690	7620	16415
PEARL_RIVER__MS	4320	17881	22326
PERRY__MS	1533	4067	5640
PIKE__MS	9276	8651	17992
PONTOTOC__MS	2982	9727	12791
PRENTISS__MS	3020	7703	10795
QUITMAN__MS	2803	1334	4155
RANKIN__MS	14372	48140	62861
SCOTT__MS	5025	6584	11641
SHARKEY__MS	1907	873	2790
SIMPSON__MS	4817	7641	12545
SMITH__MS	1968	6265	8277
STONE__MS	1996	5149	7192
SUNFLOWER__MS	7838	3245	11156
TALLAHATCHIE__MS	4105	2786	6923
TATE__MS	5003	7678	12731
TIPPAH__MS	2623	6937	9629
TISHOMINGO__MS	1962	6249	8292
TUNICA__MS	3279	1017	4323
UNION__MS	2985	9072	12109
WALTHALL__MS	3456	4253	7749
WARREN__MS	10489	11152	21709
WASHINGTON__MS	13148	6347	19555
WAYNE__MS	3890	6070	9996
WEBSTER__MS	1349	4072	5439
WILKINSON__MS	3534	1560	5122
WINSTON__MS	4653	5497	10190
YALOBUSHA__MS	3151	3628	6801
YAZOO__MS	6116	5290	11452
ADAIR__MO	5735	5891	11871
ANDREW__MO	3345	5279	8790
ATCHISON__MO	1000	1936	2976
AUDRAIN__MO	4434	6167	10781
BARRY__MO	4630	9758	14644
BARTON__MO	1455	4414	5948
BATES__MO	3271	4833	8283
BENTON__MO	3629	5759	9567
BOLLINGER__MO	1690	3972	5784
BOONE__MO	47062	36849	85251
BUCHANAN__MO	19164	19110	39040
BUTLER__MO	5316	11805	17338
CALDWELL__MO	1814	2654	4564
CALLAWAY__MO	7580	11389	19321
CAMDEN__MO	7773	14074	22133
CAPE_GIRARDEAU__MO	12208	24768	37355
CARROLL__MO	1535	2955	4538
CARTER__MO	984	1840	2898
CASS__MO	19844	29695	50179
CEDAR__MO	2060	4194	6354
CHARITON__MO	1799	2339	4214
CHRISTIAN__MO	11883	25382	37697
CLARK__MO	1572	1782	3456
CLAY__MO	53761	54516	109606
CLINTON__MO	4545	5709	10454
COLE__MO	13959	24385	38745
COOPER__MO	2996	4902	8026
CRAWFORD__MO	3911	6007	10085
DADE__MO	1184	2864	4112
DALLAS__MO	2656	4895	7683
DAVIESS__MO	1400	2263	3786
DEKALB__MO	1692	2889	4683
DENT__MO	2056	4655	6868
DOUGLAS__MO	2140	4405	6712
DUNKLIN__MO	4540	7044	11764
FRANKLIN__MO	21256	27355	49293
GASCONADE__MO	2899	4763	7771
GENTRY__MO	1235	1964	3292
GREENE__MO	56181	77683	135695
GRUNDY__MO	1580	3006	4740
HARRISON__MO	1287	2512	3915
HENRY__MO	4869	6095	11159
HICKORY__MO	2171	2850	5115
HOLT__MO	802	1794	2633
HOWARD__MO	2036	2708	4855
HOWELL__MO	5736	10982	17029
IRON__MO	2213	2090	4414
JACKSON__MO	90722	92833	186047
JASPER__MO	15730	31667	48025
JEFFERSON__MO	53467	50804	105704
JOHNSON__MO	9480	12183	22080
KNOX__MO	759	1212	2024
LACLEDE__MO	5218	10875	16323
LAFAYETTE__MO	6902	9442	16600
LAWRENCE__MO	5097	11263	16637
LEWIS__MO	1837	2594	4502
LINCOLN__MO	10234	12924	23550
LINN__MO	2638	3140	5931
LIVINGSTON__MO	2435	3993	6552
MCDONALD__MO	2454	5499	8135
MACON__MO	2784	4586	7474
MADISON__MO	2042	2897	5028
MARIES__MO	1599	2853	4548
MARION__MO	4703	7705	12553
MERCER__MO	519	1169	1748
MILLER__MO	3553	7797	11535
MISSISSIPPI__MO	2247	3034	5356
MONITEAU__MO	2084	4467	6665
MONROE__MO	1703	2533	4314
MONTGOMERY__MO	2347	3428	5856
MORGAN__MO	3565	5451	9149
NEW_MADRID__MO	3370	4593	8092
NEWTON__MO	7450	17637	25406
NODAWAY__MO	4493	5568	10219
OREGON__MO	1811	2652	4591
OSAGE__MO	1907	5062	7079
OZARK__MO	1661	2918	4686
PEMISCOT__MO	3029	3954	7047
PERRY__MO	3005	5527	8647
PETTIS__MO	6932	11018	18208
PHELPS__MO	7394	11706	19438
PIKE__MO	3487	4268	7881
PLATTE__MO	21459	24460	46480
POLK__MO	4553	8956	13697
PULASKI__MO	5249	9552	15000
PUTNAM__MO	695	1591	2339
RALLS__MO	2041	2987	5084
RANDOLPH__MO	3984	6457	10624
RAY__MO	5241	5593	11053
REYNOLDS__MO	1418	1782	3287
RIPLEY__MO	1795	3407	5363
ST__CHARLES__MO	84183	102550	188529
ST__CLAIR__MO	1886	2981	4988
SAINTE_GENEVIEVE__MO	4979	3732	8825
ST__FRANCOIS__MO	11540	12660	24550
ST__LOUIS_CO___MO	333123	221705	559854
SALINE__MO	4712	4962	9848
SCHUYLER__MO	775	1139	1983
SCOTLAND__MO	793	1249	2098
SCOTT__MO	6258	11563	18026
SHANNON__MO	1637	2075	3838
SHELBY__MO	1114	2166	3316
STODDARD__MO	3899	9172	13262
STONE__MO	5029	11147	16387
SULLIVAN__MO	1173	1607	2869
TANEY__MO	6683	14736	21664
TEXAS__MO	3410	7215	10851
VERNON__MO	3381	5334	8878
WARREN__MO	6705	8675	15576
WASHINGTON__MO	4711	4706	9614
WAYNE__MO	2243	3784	6154
WEBSTER__MO	5685	10431	16356
WORTH__MO	427	707	1174
WRIGHT__MO	2557	5784	8514
ST__LOUIS__MO	132925	24662	158858
BEAVERHEAD__MT	1617	3008	4763
BIG_HORN__MT	3516	1628	5219
BLAINE__MT	1702	1139	3014
BROADWATER__MT	854	1853	2775
CARBON__MT	2443	3108	5750
CARTER__MT	111	573	866
CASCADE__MT	17664	16857	35396
CHOUTEAU__MT	1122	1634	2866
CUSTER__MT	2267	3047	5482
DANIELS__MT	343	694	1073
DAWSON__MT	1593	2639	4450
DEER_LODGE__MT	3402	1502	5074
FALLON__MT	318	1064	1539
FERGUS__MT	1933	4108	6232
FLATHEAD__MT	16138	25559	43744
GALLATIN__MT	24205	22578	48169
GARFIELD__MT	110	598	727
GLACIER__MT	3423	1451	4971
GOLDEN_VALLEY__MT	124	343	492
GRANITE__MT	601	1013	1718
HILL__MT	3596	2787	6661
JEFFERSON__MT	2582	3538	6341
JUDITH_BASIN__MT	397	801	1236
LAKE__MT	6766	6498	13919
LEWIS_AND_CLARK__MT	17114	14966	33433
LIBERTY__MT	367	594	1001
LINCOLN__MT	3025	5704	9227
MCCONE__MT	321	726	1106
MADISON__MT	1607	2822	4568
MEAGHER__MT	298	624	966
MINERAL__MT	845	1053	2021
MISSOULA__MT	36531	20743	59104
MUSSELSHELL__MT	636	1581	2306
PARK__MT	4173	4376	9815
PETROLEUM__MT	68	227	300
PHILLIPS__MT	638	1423	2224
PONDERA__MT	1223	1588	2885
POWDER_RIVER__MT	208	802	1404
POWELL__MT	1021	1683	2940
PRAIRIE__MT	211	503	830
RAVALLI__MT	8400	13002	22101
RICHLAND__MT	1203	3184	4516
ROOSEVELT__MT	2564	1473	4947
ROSEBUD__MT	1919	1768	3810
SANDERS__MT	1970	3563	5868
SHERIDAN__MT	953	987	2006
SILVER_BOW__MT	11676	4818	16969
STILLWATER__MT	1512	2991	4667
SWEET_GRASS__MT	541	1494	2299
TETON__MT	1294	1874	3272
TOOLE__MT	737	1317	2121
TREASURE__MT	156	314	486
VALLEY__MT	1645	2121	4426
WHEATLAND__MT	289	657	983
WIBAUX__MT	146	379	563
YELLOWSTONE__MT	32038	36483	70431
ADAMS__NE	4685	8252	13210
ANTELOPE__NE	757	2383	3185
ARTHUR__NE	39	217	263
BANNER__NE	62	348	416
BLAINE__NE	43	266	316
BOONE__NE	742	2042	2836
BOX_BUTTE__NE	1886	2932	4979
BOYD__NE	250	839	1110
BROWN__NE	311	1208	1567
BUFFALO__NE	5867	13097	19293
BURT__NE	1413	1907	3387
BUTLER__NE	1190	2557	3839
CASS__NE	4753	7120	12122
CEDAR__NE	1190	2912	4174
CHASE__NE	341	1477	1844
CHERRY__NE	599	2360	3059
CHEYENNE__NE	1173	3572	4839
CLAY__NE	780	2177	3033
COLFAX__NE	1125	2018	3203
CUMING__NE	1274	2732	4087
CUSTER__NE	1192	4301	5578
DAKOTA__NE	2994	3292	6396
DAWES__NE	1285	2376	3775
DAWSON__NE	2399	5460	7986
DEUEL__NE	243	732	993
DIXON__NE	946	1785	2794
DODGE__NE	6689	8557	15550
DOUGLAS__NE	116810	106291	226701
DUNDY__NE	218	783	1019
FILLMORE__NE	962	1913	2947
FRANKLIN__NE	442	1079	1552
FRONTIER__NE	349	1034	1404
FURNAS__NE	556	1725	2328
GAGE__NE	4473	5435	10160
GARDEN__NE	283	844	1138
GARFIELD__NE	212	800	1030
GOSPER__NE	260	776	1048
GRANT__NE	41	318	367
GREELEY__NE	458	715	1199
HALL__NE	7855	12977	21271
HAMILTON__NE	1332	3389	4799
HARLAN__NE	402	1329	1766
HAYES__NE	85	461	553
HITCHCOCK__NE	346	1001	1379
HOLT__NE	1089	3746	4974
HOOKER__NE	75	355	438
HOWARD__NE	1083	1847	2996
JEFFERSON__NE	1520	2103	3697
JOHNSON__NE	914	1142	2110
KEARNEY__NE	876	2224	3150
KEITH__NE	974	2942	3968
KEYA_PAHA__NE	115	409	533
KIMBALL__NE	439	1346	1811
KNOX__NE	1255	2728	4084
LANCASTER__NE	65734	59398	127490
LINCOLN__NE	5046	10817	16277
LOGAN__NE	81	327	416
LOUP__NE	86	302	393
MCPHERSON__NE	45	240	293
MADISON__NE	4142	9655	14045
MERRICK__NE	986	2375	3431
MORRILL__NE	557	1725	2351
NANCE__NE	549	1116	1707
NEMAHA__NE	1240	2134	3474
NUCKOLLS__NE	657	1498	2221
OTOE__NE	2915	4033	7092
PAWNEE__NE	483	859	1384
PERKINS__NE	310	1092	1420
PHELPS__NE	1050	3360	4473
PIERCE__NE	783	2385	3226
PLATTE__NE	3796	9373	13420
POLK__NE	668	1822	2543
RED_WILLOW__NE	1216	3735	5044
RICHARDSON__NE	1513	2342	3968
ROCK__NE	139	640	801
SALINE__NE	2674	2434	5251
SARPY__NE	28010	38816	68022
SAUNDERS__NE	3767	6188	10212
SCOTTS_BLUFF__NE	4745	9708	14730
SEWARD__NE	2703	4647	7529
SHERIDAN__NE	454	1941	2462
SHERMAN__NE	585	950	1572
SIOUX__NE	117	603	732
STANTON__NE	664	1781	2495
THAYER__NE	860	1749	2659
THOMAS__NE	51	331	390
THURSTON__NE	1120	972	2126
VALLEY__NE	706	1657	2423
WASHINGTON__NE	3711	6425	10320
WAYNE__NE	1249	2503	3808
WEBSTER__NE	552	1233	1817
WHEELER__NE	96	334	440
YORK__NE	1607	4848	6568
CHURCHILL__NV	3494	6832	10605
CLARK__NV	380765	257078	651172
DOUGLAS__NV	10672	14648	25904
ELKO__NV	4541	10969	16019
ESMERALDA__NV	104	303	439
EUREKA__NV	144	564	745
HUMBOLDT__NV	1909	3586	5664
LANDER__NV	577	1466	2102
LINCOLN__NV	518	1498	2107
LYON__NV	8405	12154	21103
MINERAL__NV	1082	1131	2307
NYE__NV	7226	9537	17491
PERSHING__NV	673	1075	1836
STOREY__NV	1102	1247	2418
WASHOE__NV	99671	76880	180414
WHITE_PINE__NV	1230	2440	3842
CARSON_CITY__NV	11623	11419	23680
BELKNAP__NH	16796	16402	33614
CARROLL__NH	15221	13387	29056
CHESHIRE__NH	26971	15205	42823
COOS__NH	9532	6558	16348
GRAFTON__NH	31446	17687	49890
HILLSBOROUGH__NH	104820	97178	204709
MERRIMACK__NH	45078	34010	80106
ROCKINGHAM__NH	83723	81917	167822
STRAFFORD__NH	37990	25021	63848
SULLIVAN__NH	13249	9169	22754
ATLANTIC__NJ	67830	49902	118073
BERGEN__NJ	225367	186118	412638
BURLINGTON__NJ	131219	89626	221414
CAMDEN__NJ	159259	73819	233593
CAPE_MAY__NJ	22893	27288	50381
CUMBERLAND__NJ	34919	22360	57484
ESSEX__NJ	240306	74063	315004
GLOUCESTER__NJ	77267	60315	137982
HUDSON__NJ	154140	55360	210148
HUNTERDON__NJ	29776	39092	69099
MERCER__NJ	107926	50223	158549
MIDDLESEX__NJ	193812	123695	318379
MONMOUTH__NJ	148737	160433	309915
MORRIS__NJ	112275	132331	245148
OCEAN__NJ	110189	160677	271460
PASSAIC__NJ	113257	72552	186196
SALEM__NJ	16044	14816	30959
SOMERSET__NJ	79321	70085	149763
SUSSEX__NJ	28840	44184	73340
UNION__NJ	141417	78768	220650
WARREN__NJ	20628	27500	48323
BERNALILLO__NM	171556	110521	285778
CATRON__NM	664	1398	2112
CHAVES__NM	8197	13651	22112
CIBOLA__NM	5827	3131	9097
COLFAX__NM	3490	2805	6384
CURRY__NM	4670	9599	14438
DE_BACA__NM	359	676	1044
DONA_ANA__NM	40282	28068	69280
EDDY__NM	7351	12500	20093
GRANT__NM	8142	5406	13755
GUADALUPE__NM	1557	620	2196
HARDING__NM	260	358	626
HIDALGO__NM	993	936	1951
LEA__NM	5108	13347	18645
LINCOLN__NM	3535	6001	9696
LOS_ALAMOS__NM	5824	5064	11069
LUNA__NM	4311	3870	8340
MCKINLEY__NM	16572	6382	23207
MORA__NM	2168	569	2760
OTERO__NM	8610	12806	21766
QUAY__NM	1547	2367	3996
RIO_ARRIBA__NM	12703	4086	16940
ROOSEVELT__NM	2303	4311	6720
SANDOVAL__NM	32669	25193	58630
SAN_JUAN__NM	18028	27869	46511
SAN_MIGUEL__NM	10320	2478	12941
SANTA_FE__NM	55567	15807	72223
SIERRA__NM	2352	3017	5485
SOCORRO__NM	4696	3032	7895
TAOS__NM	13816	2866	16886
TORRANCE__NM	3087	3735	6941
UNION__NM	492	1227	1742
VALENCIA__NM	15366	13136	28899
KANSAS__MO	120102	31854	153219
ALBANY__NY	93937	50586	147136
ALLEGANY__NY	7016	11013	18368
BRONX__NY	338261	41683	381286
BROOME__NY	47204	40077	88718
CATTARAUGUS__NY	14307	17770	32588
CAYUGA__NY	18128	15243	33992
CHAUTAUQUA__NY	29129	28579	58772
CHEMUNG__NY	18888	19364	38695
CHENANGO__NY	10100	10337	20847
CLINTON__NY	20216	12579	33314
COLUMBIA__NY	17556	13337	31408
CORTLAND__NY	11861	9678	21900
DELAWARE__NY	9462	10524	20389
DUTCHESS__NY	71060	59628	132254
ERIE__NY	256299	178815	441985
ESSEX__NY	10390	7913	18591
FRANKLIN__NY	10571	6676	17496
FULTON__NY	9695	11709	21805
GENESEE__NY	10762	15705	26866
GREENE__NY	9850	12059	22315
HAMILTON__NY	1225	2141	3411
HERKIMER__NY	12094	14619	27184
JEFFERSON__NY	18166	20219	38847
KINGS__NY	603525	151872	759671
LEWIS__NY	4986	5969	11129
LIVINGSTON__NY	13655	16030	30127
MADISON__NY	14692	14434	29778
MONROE__NY	207225	144153	355725
MONTGOMERY__NY	9080	10711	20175
NASSAU__NY	342067	288758	635414
NEW_YORK__NY	572126	89906	667271
NIAGARA__NY	47303	46348	95207
ONEIDA__NY	43506	49256	94313
ONONDAGA__NY	129317	84972	218194
ONTARIO__NY	25103	25171	51020
ORANGE__NY	78326	72042	151918
ORLEANS__NY	6614	9708	16574
OSWEGO__NY	24777	23571	49255
OTSEGO__NY	13570	12026	26101
PUTNAM__NY	21613	25145	47213
QUEENS__NY	447906	145898	597598
RENSSELAER__NY	39753	32840	73986
RICHMOND__NY	79311	86062	166480
ROCKLAND__NY	69543	61752	132136
ST__LAWRENCE__NY	23706	16956	41242
SARATOGA__NY	56645	52855	111255
SCHENECTADY__NY	38611	29758	69778
SCHOHARIE__NY	6009	8071	14381
SCHUYLER__NY	3933	4542	8600
SENECA__NY	7422	7038	14725
STEUBEN__NY	17148	24203	41891
SUFFOLK__NY	346379	306815	659027
SULLIVAN__NY	16850	13900	31153
TIOGA__NY	10172	12536	23090
TOMPKINS__NY	29826	11927	42485
ULSTER__NY	52539	32527	86461
WARREN__NY	16281	15429	32206
WASHINGTON__NY	12741	12533	25716
WAYNE__NY	18184	22239	41002
WESTCHESTER__NY	261810	147824	412847
WYOMING__NY	6379	10998	17658
YATES__NY	4890	5269	10264
ALAMANCE__NC	28918	34859	64353
ALEXANDER__NC	5167	11790	17254
ALLEGHANY__NC	2021	3124	5263
ANSON__NC	6456	4207	10733
ASHE__NC	4872	7916	13069
AVERY__NC	2178	5681	7943
BEAUFORT__NC	9454	13460	23010
BERTIE__NC	6365	3376	9763
BLADEN__NC	7853	7532	15480
BRUNSWICK__NC	21331	30753	52608
BUNCOMBE__NC	69716	52494	123795
BURKE__NC	14901	22102	37443
CABARRUS__NC	31546	45924	77994
CALDWELL__NC	12081	22526	35155
CAMDEN__NC	1597	3140	4821
CARTERET__NC	11130	23131	34597
CASWELL__NC	5545	5208	10862
CATAWBA__NC	25656	42993	69451
CHATHAM__NC	17862	14668	32880
CHEROKEE__NC	3785	8643	12586
CHOWAN__NC	3688	3773	7512
CLAY__NC	1734	3707	5543
CLEVELAND__NC	17363	26078	43835
COLUMBUS__NC	11076	12994	24282
CRAVEN__NC	19352	24901	44598
CUMBERLAND__NC	74693	52151	127575
CURRITUCK__NC	3737	7234	11102
DARE__NC	8074	9745	18048
DAVIDSON__NC	22433	45419	68581
DAVIE__NC	6178	13981	20368
DUPLIN__NC	8958	10834	19904
DURHAM__NC	103456	32353	136897
EDGECOMBE__NC	17403	8445	25930
FORSYTH__NC	91085	73674	166133
FRANKLIN__NC	13085	13273	26639
GASTON__NC	31384	52507	84402
GATES__NC	2830	2547	5420
GRAHAM__NC	1265	2824	4171
GRANVILLE__NC	13074	11447	24725
GREENE__NC	3796	4272	8103
GUILFORD__NC	142101	97718	241771
HALIFAX__NC	16047	8961	25091
HARNETT__NC	16785	23579	40705
HAYWOOD__NC	12730	14910	28067
HENDERSON__NC	20082	30930	51614
HERTFORD__NC	7513	3089	10650
HOKE__NC	9227	6293	15627
HYDE__NC	1241	1212	2469
IREDELL__NC	27318	45148	73162
JACKSON__NC	8766	7854	16866
JOHNSTON__NC	26795	43622	71017
JONES__NC	2378	2817	5227
LEE__NC	10784	12775	23788
LENOIR__NC	13378	13401	26897
LINCOLN__NC	11713	23631	35798
MCDOWELL__NC	6571	11534	18386
MACON__NC	6620	10317	17238
MADISON__NC	5026	5192	10379
MARTIN__NC	6539	5957	12541
MECKLENBURG__NC	253958	153848	410817
MITCHELL__NC	2238	5499	7846
MONTGOMERY__NC	4926	6155	11210
MOORE__NC	17624	27314	45328
NASH__NC	23099	23728	47118
NEW_HANOVER__NC	49145	50544	100665
NORTHAMPTON__NC	6903	3671	10618
ONSLOW__NC	19499	30278	50203
ORANGE__NC	53806	20266	74910
PAMLICO__NC	2838	3823	6712
PASQUOTANK__NC	10272	7778	18180
PENDER__NC	9907	13618	23749
PERQUIMANS__NC	2772	3678	6501
PERSON__NC	8446	10030	18632
PITT__NC	40501	33927	74884
POLK__NC	4396	5990	10562
RANDOLPH__NC	16414	40998	58147
RICHMOND__NC	9713	9424	19327
ROBESON__NC	23058	17433	40834
ROCKINGHAM__NC	17255	23899	41612
ROWAN__NC	23391	37451	61560
RUTHERFORD__NC	9641	18769	28720
SAMPSON__NC	11836	14038	26038
SCOTLAND__NC	8151	6005	14217
STANLY__NC	8878	19329	28506
STOKES__NC	6875	14488	21743
SURRY__NC	10475	18730	29525
SWAIN__NC	2806	2900	5798
TRANSYLVANIA__NC	7275	9401	16909
TYRRELL__NC	933	960	1910
UNION__NC	31189	54123	86089
VANCE__NC	13166	7606	20871
WAKE__NC	250891	187001	442245
WARREN__NC	7086	3063	10195
WASHINGTON__NC	3748	2670	6454
WATAUGA__NC	14558	13344	28372
WAYNE__NC	22671	26952	49882
WILKES__NC	8934	20288	29724
WILSON__NC	19652	17375	37191
YADKIN__NC	4527	12409	17147
YANCEY__NC	4486	5045	9717
ADAMS__ND	435	788	1271
BARNES__ND	2741	2826	5694
BENSON__ND	1569	773	2374
BILLINGS__ND	114	375	499
BOTTINEAU__ND	1387	2059	3516
BOWMAN__ND	478	1107	1640
BURKE__ND	286	640	943
BURLEIGH__ND	15600	25443	41772
CASS__ND	37622	32566	71419
CAVALIER__ND	930	1128	2130
DICKEY__ND	1044	1525	2620
DIVIDE__ND	464	630	1131
DUNN__ND	527	1080	1644
EDDY__ND	583	548	1165
EMMONS__ND	546	1230	1837
FOSTER__ND	687	914	1651
GOLDEN_VALLEY__ND	210	642	875
GRAND_FORKS__ND	16104	14520	31153
GRANT__ND	280	587	1329
GRIGGS__ND	598	682	1314
HETTINGER__ND	406	893	1348
KIDDER__ND	422	752	1228
LAMOURE__ND	868	1310	2241
LOGAN__ND	299	726	1057
MCHENRY__ND	981	1374	2416
MCINTOSH__ND	579	916	1532
MCKENZIE__ND	933	1740	2715
MCLEAN__ND	1867	2767	4736
MERCER__ND	1476	2789	4397
MORTON__ND	5079	7869	13264
MOUNTRAIL__ND	1477	1406	2938
NELSON__ND	907	800	1752
OLIVER__ND	332	682	1040
PEMBINA__ND	1494	1722	3307
PIERCE__ND	792	1301	2139
RAMSEY__ND	2314	2361	4762
RANSOM__ND	1371	998	2433
RENVILLE__ND	505	799	1346
RICHLAND__ND	3513	3900	7563
ROLETTE__ND	3403	1045	4534
SARGENT__ND	1115	778	1927
SHERIDAN__ND	229	555	803
SIOUX__ND	1145	215	1378
SLOPE__ND	106	297	411
STARK__ND	3802	7024	11070
STEELE__ND	614	404	1032
STUTSMAN__ND	4056	5499	9784
TOWNER__ND	621	536	1197
TRAILL__ND	2136	1845	4041
WALSH__ND	2325	2415	4882
WARD__ND	10144	15061	25621
WELLS__ND	841	1468	2377
WILLIAMS__ND	2921	6291	9373
ADAMS__OH	4170	6914	11388
ALLEN__OH	19521	29941	50263
ASHLAND__OH	9300	15158	25168
ASHTABULA__OH	25027	18949	44874
ATHENS__OH	20722	9742	31098
AUGLAIZE__OH	6727	16395	23486
BELMONT__OH	16302	15422	32411
BROWN__OH	7503	12192	20113
BUTLER__OH	66030	105340	173776
CARROLL__OH	6423	7097	13953
CHAMPAIGN__OH	7385	11141	18887
CLARK__OH	31958	33634	66770
CLERMONT__OH	31611	62559	95480
CLINTON__OH	6558	12410	19306
COLUMBIANA__OH	21882	25585	48480
COSHOCTON__OH	7689	8675	16863
CRAWFORD__OH	8288	12316	21173
CUYAHOGA__OH	458204	199864	665114
DARKE__OH	7964	17290	25793
DEFIANCE__OH	8399	10407	19197
DELAWARE__OH	36653	54778	92416
ERIE__OH	23148	17432	41229
FAIRFIELD__OH	29250	41580	71946
FAYETTE__OH	4401	7102	11694
FRANKLIN__OH	334684	218478	560291
FULTON__OH	9900	11689	21973
GALLIA__OH	4777	8247	13318
GEAUGA__OH	21250	29096	51102
GREENE__OH	33540	48936	83589
GUERNSEY__OH	7625	9197	17325
HAMILTON__OH	224644	195107	424082
HANCOCK__OH	13870	22420	36981
HARDIN__OH	5013	7749	13114
HARRISON__OH	3683	3872	7787
HENRY__OH	6320	8239	14840
HIGHLAND__OH	6857	11908	19188
HOCKING__OH	6231	6326	12895
HOLMES__OH	3141	7720	11113
HURON__OH	12076	12884	25582
JACKSON__OH	5397	8219	13993
JEFFERSON__OH	17635	17559	35939
KNOX__OH	11014	16640	28231
LAKE__OH	60155	59142	121335
LAWRENCE__OH	11262	15415	27194
LICKING__OH	33896	46886	82283
LOGAN__OH	7936	13848	22217
LORAIN__OH	85276	59068	146859
LUCAS__OH	142852	73706	219830
MADISON__OH	6532	10603	17451
MAHONING__OH	79173	45319	127032
MARION__OH	12870	15454	29017
MEDINA__OH	40924	48189	90451
MEIGS__OH	4094	6015	10354
MERCER__OH	5853	15100	21271
MIAMI__OH	18372	33417	52807
MONROE__OH	3705	3066	6982
MONTGOMERY__OH	145997	128679	278511
MORGAN__OH	2966	3440	6608
MORROW__OH	6177	10067	16643
MUSKINGUM__OH	17730	20549	39071
NOBLE__OH	2474	3450	6172
OTTAWA__OH	12049	10618	23069
PAULDING__OH	4165	5317	9769
PERRY__OH	7261	7721	15404
PICKAWAY__OH	9077	14228	23726
PIKE__OH	6033	6162	12506
PORTAGE__OH	41856	34822	78205
PREBLE__OH	6999	13562	21002
PUTNAM__OH	5281	13072	18680
RICHLAND__OH	25727	34034	61122
ROSS__OH	14455	16759	31840
SANDUSKY__OH	15601	14190	30373
SCIOTO__OH	14926	16994	32571
SENECA__OH	13087	13823	27449
SHELBY__OH	7317	15924	23668
STARK__OH	96990	86743	187545
SUMMIT__OH	155105	110499	269059
TRUMBULL__OH	64145	40164	106888
TUSCARAWAS__OH	21498	20454	42950
UNION__OH	8761	15744	24928
VAN_WERT__OH	5178	9168	14652
VINTON__OH	2463	3021	5646
WARREN__OH	33398	71691	106216
WASHINGTON__OH	12368	17019	29932
WAYNE__OH	21712	29342	52142
WILLIAMS__OH	8174	9880	18397
WOOD__OH	34285	29648	65023
WYANDOT__OH	4461	6270	10977
ADAIR__OK	2052	4638	6690
ALFALFA__OK	411	2023	2434
ATOKA__OK	1370	3511	4881
BEAVER__OK	265	2199	2464
BECKHAM__OK	1625	5772	7397
BLAINE__OK	1011	3101	4112
BRYAN__OK	4426	9307	13733
CADDO__OK	3404	6413	9817
CANADIAN__OK	11426	36428	47854
CARTER__OK	5603	13241	18844
CHEROKEE__OK	7194	9186	16380
CHOCTAW__OK	1860	3730	5590
CIMARRON__OK	152	1119	1271
CLEVELAND__OK	39681	64749	104430
COAL__OK	600	1672	2272
COMANCHE__OK	14120	20127	34247
COTTON__OK	690	1793	2483
CRAIG__OK	2073	3858	5931
CREEK__OK	8318	20187	28505
CUSTER__OK	2660	7842	10502
DELAWARE__OK	5085	10277	15362
DEWEY__OK	346	1857	2203
ELLIS__OK	282	1627	1909
GARFIELD__OK	5545	17067	22612
GARVIN__OK	3028	7710	10738
GRADY__OK	5520	15195	20715
GRANT__OK	514	1836	2350
GREER__OK	566	1548	2114
HARMON__OK	333	757	1090
HARPER__OK	221	1342	1563
HASKELL__OK	1474	3207	4681
HUGHES__OK	1709	3134	4843
JACKSON__OK	2264	6719	8983
JEFFERSON__OK	805	1652	2457
JOHNSTON__OK	1249	2708	3957
KAY__OK	5463	13230	18693
KINGFISHER__OK	1009	5372	6381
KIOWA__OK	1226	2537	3763
LATIMER__OK	1313	2860	4173
LE_FLORE__OK	5136	11605	16741
LINCOLN__OK	3504	10470	13974
LOGAN__OK	5717	12556	18273
LOVE__OK	1257	2589	3846
MCCLAIN__OK	3551	11193	14744
MCCURTAIN__OK	2794	7745	10539
MCINTOSH__OK	3320	4903	8223
MAJOR__OK	515	2956	3471
MARSHALL__OK	1643	3730	5373
MAYES__OK	5749	10234	15983
MURRAY__OK	1592	3746	5338
MUSKOGEE__OK	11294	15289	26583
NOBLE__OK	1174	3881	5055
NOWATA__OK	1411	3031	4442
OKFUSKEE__OK	1480	2643	4123
OKLAHOMA__OK	116182	163172	279354
OKMULGEE__OK	6191	8727	14918
OSAGE__OK	7498	12160	19658
OTTAWA__OK	4268	6905	11173
PAWNEE__OK	2063	4533	6596
PAYNE__OK	10601	18435	29036
PITTSBURG__OK	5457	11752	17209
PONTOTOC__OK	4512	9750	14262
POTTAWATOMIE__OK	7910	17753	25663
PUSHMATAHA__OK	1265	3208	4473
ROGER_MILLS__OK	287	1502	1789
ROGERS__OK	10772	27743	38515
SEMINOLE__OK	2977	5600	8577
SEQUOYAH__OK	4454	9466	13920
STEPHENS__OK	4538	14394	18932
TEXAS__OK	923	5336	6259
TILLMAN__OK	1042	2195	3237
TULSA__OK	96133	158363	254496
WAGONER__OK	8810	21441	30251
WASHINGTON__OK	6308	16457	22765
WASHITA__OK	1052	3724	4776
WOODS__OK	873	3043	3916
WOODWARD__OK	1350	6404	7754
BAKER__OR	2805	5650	8777
BENTON__OR	29901	15264	46478
CLACKAMAS__OR	103476	83595	191878
CLATSOP__OR	10701	7192	18548
COLUMBIA__OR	13390	10413	24768
COOS__OR	14401	15354	30951
CROOK__OR	3632	6371	10352
CURRY__OR	5230	6646	12332
DESCHUTES__OR	38819	39064	79782
DOUGLAS__OR	20298	30919	52937
GILLIAM__OR	430	648	1110
GRANT__OR	1006	2785	3909
HARNEY__OR	950	2595	3683
HOOD_RIVER__OR	6302	3265	9830
JACKSON__OR	49090	49043	101047
JEFFERSON__OR	3682	4402	8318
JOSEPHINE__OR	17412	22973	42049
KLAMATH__OR	9370	19113	29399
LAKE__OR	957	2638	3688
LANE__OR	114037	63835	182910
LINCOLN__OR	14258	8791	23889
LINN__OR	22163	28071	51982
MALHEUR__OR	2949	7157	10433
MARION__OR	61816	59059	124563
MORROW__OR	1410	2509	4058
MULTNOMAH__OR	279696	75171	364710
POLK__OR	17536	17714	36207
SHERMAN__OR	385	634	1047
TILLAMOOK__OR	7072	5757	13297
UMATILLA__OR	9484	15254	25523
UNION__OR	4613	7581	12594
WALLOWA__OR	1492	2836	4465
WASCO__OR	5906	5103	11380
WASHINGTON__OR	141544	89185	236632
WHEELER__OR	281	498	812
YAMHILL__OR	20797	21390	43526
ADAMS__PA	17633	26349	44489
ALLEGHENY__PA	373153	272347	651380
ARMSTRONG__PA	11138	18542	30072
BEAVER__PA	40499	42895	84463
BEDFORD__PA	6059	16124	22441
BERKS__PA	97047	80513	179896
BLAIR__PA	19813	32708	53081
BRADFORD__PA	10306	15057	25782
BUCKS__PA	179031	150248	332923
BUTLER__PA	32260	57074	90355
CAMBRIA__PA	32451	31995	65622
CAMERON__PA	879	1323	2311
CARBON__PA	13464	12957	26919
CENTRE__PA	41950	32992	75737
CHESTER__PA	137833	114421	254305
CLARION__PA	6756	10737	17765
CLEARFIELD__PA	14555	18662	33774
CLINTON__PA	7097	7504	14793
COLUMBIA__PA	13230	14477	28041
CRAWFORD__PA	16780	20750	38074
CUMBERLAND__PA	48306	63739	113298
DAUPHIN__PA	69975	58238	129526
DELAWARE__PA	169030	109322	281082
ELK__PA	7290	6676	14258
ERIE__PA	75775	50351	127642
FAYETTE__PA	25866	26081	52554
FOREST__PA	1038	1366	2444
FRANKLIN__PA	21169	41906	63635
FULTON__PA	1576	4642	6306
GREENE__PA	7829	7889	15961
HUNTINGDON__PA	6621	11745	18646
INDIANA__PA	17065	19727	37299
JEFFERSON__PA	6447	12057	18801
JUNIATA__PA	3068	6484	9711
LACKAWANNA__PA	67520	39488	107866
LANCASTER__PA	99586	126568	228097
LAWRENCE__PA	19711	21851	42084
LEBANON__PA	23310	34314	58252
LEHIGH__PA	87089	63382	152464
LUZERNE__PA	72492	61127	135163
LYCOMING__PA	18381	30280	49235
MCKEAN__PA	6465	9224	15947
MERCER__PA	26411	26565	53796
MIFFLIN__PA	5375	10929	16501
MONROE__PA	39453	28293	68385
MONTGOMERY__PA	253393	165552	422411
MONTOUR__PA	3364	4574	8023
NORTHAMPTON__PA	75255	58551	135581
NORTHUMBERLAND__PA	14329	19018	33916
PERRY__PA	6396	13058	19733
PHILADELPHIA__PA	595980	117221	717155
PIKE__PA	11493	12518	24297
POTTER__PA	2300	5109	7507
SCHUYLKILL__PA	28300	33767	63054
SNYDER__PA	5382	9900	15479
SOMERSET__PA	12878	21686	35167
SULLIVAN__PA	1233	1841	3120
SUSQUEHANNA__PA	8381	10633	19283
TIOGA__PA	6390	11326	17965
UNION__PA	7333	9859	17400
VENANGO__PA	9238	13718	23288
WARREN__PA	8537	9685	18494
WASHINGTON__PA	46122	50752	98002
WAYNE__PA	9892	12702	22833
WESTMORELAND__PA	72721	102294	176785
WYOMING__PA	5985	6983	13129
YORK__PA	82839	109268	194183
BRISTOL__RI	16162	9260	25905
KENT__RI	48406	33780	84074
NEWPORT__RI	25479	15717	41997
PROVIDENCE__RI	167442	81010	253630
WASHINGTON__RI	39082	25624	66160
ABBEVILLE__SC	4593	6264	11001
AIKEN__SC	26101	42849	69770
ALLENDALE__SC	3029	947	4024
ANDERSON__SC	24132	48690	73787
BAMBERG__SC	4426	2309	6814
BARNWELL__SC	4931	4769	9798
BEAUFORT__SC	30396	37821	68870
BERKELEY__SC	27755	36205	64781
CALHOUN__SC	3970	3695	7738
CHARLESTON__SC	82698	69822	154434
CHEROKEE__SC	7215	13305	20766
CHESTER__SC	7478	6318	13981
CHESTERFIELD__SC	7842	8325	16359
CLARENDON__SC	8673	6758	15552
COLLETON__SC	8616	8525	17321
DARLINGTON__SC	14505	14544	29334
DILLON__SC	7408	5874	13417
DORCHESTER__SC	21806	29929	52405
EDGEFIELD__SC	5075	6334	11520
FAIRFIELD__SC	7591	3912	11619
FLORENCE__SC	28012	29861	58373
GEORGETOWN__SC	14199	15790	30290
GREENVILLE__SC	70886	116363	190657
GREENWOOD__SC	12348	16995	29667
HAMPTON__SC	5816	3439	9350
HORRY__SC	38879	64609	104798
JASPER__SC	5389	3365	8854
KERSHAW__SC	11226	16466	27985
LANCASTER__SC	12139	16441	28921
LAURENS__SC	10578	15334	26282
LEE__SC	5960	3074	9153
LEXINGTON__SC	33303	74960	109512
MCCORMICK__SC	2755	2437	5232
MARION__SC	9608	5416	15174
MARLBORO__SC	6794	3996	10876
NEWBERRY__SC	6708	9616	16524
OCONEE__SC	9481	21164	31132
ORANGEBURG__SC	27263	12115	39754
PICKENS__SC	11691	32552	45128
RICHLAND__SC	105656	57941	165037
SALUDA__SC	3323	5191	8603
SPARTANBURG__SC	41632	65042	108328
SUMTER__SC	25431	18581	44358
UNION__SC	5935	7449	13551
WILLIAMSBURG__SC	11279	5004	16443
YORK__SC	37918	54500	93696
AURORA__SD	655	794	1468
BEADLE__SD	3493	4054	7630
BENNETT__SD	557	614	1189
BON_HOMME__SD	1367	1712	3116
BROOKINGS__SD	7207	6431	13789
BROWN__SD	9041	8067	17253
BRULE__SD	965	1407	2406
BUFFALO__SD	454	156	612
BUTTE__SD	1306	2821	4205
CAMPBELL__SD	243	591	844
CHARLES_MIX__SD	1807	2109	3937
CLARK__SD	830	1065	1920
CLAY__SD	3808	2296	6159
CODINGTON__SD	5595	6374	12076
CORSON__SD	837	535	1390
CUSTER__SD	1475	2909	4450
DAVISON__SD	3554	4731	8365
DAY__SD	1785	1372	3178
DEUEL__SD	1054	1088	2178
DEWEY__SD	1328	659	2005
DOUGLAS__SD	424	1293	1735
EDMUNDS__SD	819	1213	2053
FALL_RIVER__SD	1338	2348	3755
FAULK__SD	426	739	1174
GRANT__SD	1786	1951	3774
GREGORY__SD	771	1423	2218
HAAKON__SD	187	939	1141
HAMLIN__SD	1043	1661	2737
HAND__SD	718	1247	1981
HANSON__SD	961	1426	2414
HARDING__SD	135	575	722
HUGHES__SD	3037	5298	8386
HUTCHINSON__SD	1242	2285	3561
HYDE__SD	226	547	776
JACKSON__SD	435	668	1118
JERAULD__SD	542	546	1092
JONES__SD	147	463	618
KINGSBURY__SD	1277	1435	2739
LAKE__SD	3033	2993	6076
LAWRENCE__SD	4932	6787	11876
LINCOLN__SD	8642	11803	20601
LYMAN__SD	710	894	1623
MCCOOK__SD	1219	1646	2905
MCPHERSON__SD	441	915	1364
MARSHALL__SD	1261	900	2177
MEADE__SD	3751	7515	11465
MELLETTE__SD	373	445	829
MINER__SD	605	577	1198
MINNEHAHA__SD	39838	39251	79798
MOODY__SD	1663	1508	3203
PENNINGTON__SD	17802	27603	45787
PERKINS__SD	499	1102	1656
POTTER__SD	482	937	1434
ROBERTS__SD	2672	1781	4484
SANBORN__SD	500	669	1181
OGLALA_LAKOTA__SD	2971	331	3314
SPINK__SD	1550	1660	3239
STANLEY__SD	510	1017	1540
SULLY__SD	233	581	823
TODD__SD	2208	571	2807
TRIPP__SD	914	1859	2809
TURNER__SD	1681	2538	4266
UNION__SD	3244	4310	7620
WALWORTH__SD	923	1668	2620
YANKTON__SD	4838	5039	9967
ZIEBACH__SD	554	312	882
ANDERSON__TN	11396	19675	31570
BEDFORD__TN	5027	10217	15507
BENTON__TN	2645	3696	6479
BLEDSOE__TN	1517	3166	4784
BLOUNT__TN	15253	35571	51645
BRADLEY__TN	9357	28333	38191
CAMPBELL__TN	3867	8535	12628
CANNON__TN	2011	3322	5457
CARROLL__TN	3980	7455	11646
CARTER__TN	5587	15852	21769
CHEATHAM__TN	5498	10702	16428
CHESTER__TN	1797	4587	6459
CLAIBORNE__TN	3078	7175	10420
CLAY__TN	1248	1676	2994
COCKE__TN	3340	8945	12481
COFFEE__TN	7132	13250	20790
CROCKETT__TN	1967	3994	6037
CUMBERLAND__TN	7889	17436	25712
DAVIDSON__TN	158423	102915	264486
DECATUR__TN	1566	3101	4763
DEKALB__TN	2832	4085	7065
DICKSON__TN	7506	11677	19519
DYER__TN	4411	9859	14450
FAYETTE__TN	6892	12173	19254
FENTRESS__TN	1831	4789	6739
FRANKLIN__TN	6613	10539	17432
GIBSON__TN	7406	13516	21253
GILES__TN	4614	6902	11689
GRAINGER__TN	2066	5297	7503
GREENE__TN	7110	17151	24670
GRUNDY__TN	1971	2563	4632
HAMBLEN__TN	6807	15508	22669
HAMILTON__TN	64246	81702	147520
HANCOCK__TN	604	1588	2241
HARDEMAN__TN	5919	5225	11237
HARDIN__TN	2794	7077	10035
HAWKINS__TN	5930	14756	21040
HAYWOOD__TN	4893	3165	8121
HENDERSON__TN	3021	7669	10834
HENRY__TN	5153	8182	13545
HICKMAN__TN	3563	4784	8498
HOUSTON__TN	1678	1608	3354
HUMPHREYS__TN	3600	3818	7580
JACKSON__TN	2224	2185	4501
JEFFERSON__TN	5178	13092	18532
JOHNSON__TN	1837	4621	6591
KNOX__TN	70215	113015	186086
LAKE__TN	1024	1175	2238
LAUDERDALE__TN	4322	4933	9338
LAWRENCE__TN	5161	10566	16020
LEWIS__TN	1804	2951	4834
LINCOLN__TN	3695	9231	13130
LOUDON__TN	6058	15815	22184
MCMINN__TN	5541	12989	18789
MCNAIRY__TN	3131	7135	10422
MACON__TN	2060	5145	7360
MADISON__TN	20209	23290	43846
MARION__TN	4506	6746	11437
MARSHALL__TN	4320	6755	11289
MAURY__TN	13058	20288	33767
MEIGS__TN	1372	2797	4237
MONROE__TN	5053	11484	16777
MONTGOMERY__TN	25716	30175	56518
MOORE__TN	881	2010	2952
MORGAN__TN	1969	4717	6822
OBION__TN	4308	8873	13392
OVERTON__TN	3419	4497	8092
PERRY__TN	1329	1596	3000
PICKETT__TN	854	1786	2671
POLK__TN	2124	4267	6501
PUTNAM__TN	9739	17101	27316
RHEA__TN	2907	8042	11106
ROANE__TN	7224	15658	23276
ROBERTSON__TN	9318	17903	27614
RUTHERFORD__TN	40460	59892	101737
SCOTT__TN	1720	4931	6783
SEQUATCHIE__TN	1717	3610	5437
SEVIER__TN	8604	24922	33941
SHELBY__TN	256297	145458	404555
SMITH__TN	2992	4563	7741
STEWART__TN	2470	2956	5507
SULLIVAN__TN	18354	44808	63997
SUMNER__TN	21487	44949	67228
TIPTON__TN	7931	17165	25316
TROUSDALE__TN	1475	1688	3239
UNICOI__TN	2107	5011	7223
UNION__TN	1829	4467	6399
VAN_BUREN__TN	849	1294	2206
WARREN__TN	5515	8562	14400
WASHINGTON__TN	15941	32341	48982
WAYNE__TN	1355	4076	5527
WEAKLEY__TN	4596	8855	13690
WHITE__TN	3372	6103	9647
WILLIAMSON__TN	27886	64858	93646
WILSON__TN	15886	34595	51159
ANDERSON__TX	4630	11884	16655
ANDREWS__TX	790	3816	4629
ANGELINA__TX	9379	19569	29153
ARANSAS__TX	3006	6693	9778
ARCHER__TX	740	3595	4365
ARMSTRONG__TX	128	856	990
ATASCOSA__TX	4415	5462	9938
AUSTIN__TX	2821	8786	11721
BAILEY__TX	682	1618	2316
BANDERA__TX	2250	6935	9297
BASTROP__TX	11687	13817	25918
BAYLOR__TX	366	1262	1643
BEE__TX	3645	4471	8157
BELL__TX	40413	49242	90334
BEXAR__TX	275527	246275	525715
BLANCO__TX	1467	3418	4939
BORDEN__TX	40	316	361
BOSQUE__TX	1797	5762	7646
BOWIE__TX	10815	24162	35186
BRAZORIA__TX	36480	67515	104940
BRAZOS__TX	20502	37465	58673
BREWSTER__TX	1970	1855	3900
BRISCOE__TX	205	617	830
BROOKS__TX	1747	556	2309
BROWN__TX	2822	12052	15015
BURLESON__TX	2053	4547	6665
BURNET__TX	4608	12059	16893
CALDWELL__TX	5403	6107	11648
CALHOUN__TX	2729	4106	6879
CALLAHAN__TX	1063	4589	5716
CAMERON__TX	48480	26671	75657
CAMP__TX	1734	2798	4567
CARSON__TX	406	2548	2980
CASS__TX	3490	8279	11846
CASTRO__TX	719	1562	2291
CHAMBERS__TX	3188	9988	13292
CHEROKEE__TX	4610	11695	16417
CHILDRESS__TX	497	1782	2296
CLAY__TX	1085	4213	5339
COCHRAN__TX	284	758	1057
COKE__TX	299	1252	1569
COLEMAN__TX	643	3011	3702
COLLIN__TX	109047	184897	296583
COLLINGSWORTH__TX	234	943	1195
COLORADO__TX	2508	5795	8353
COMAL__TX	12384	35233	48158
COMANCHE__TX	1334	3813	5217
CONCHO__TX	257	807	1077
COOKE__TX	3051	11871	15032
CORYELL__TX	6619	11550	18332
COTTLE__TX	187	509	705
CRANE__TX	319	1119	1454
CROCKETT__TX	512	1026	1545
CROSBY__TX	684	1221	1914
CULBERSON__TX	492	257	759
DALLAM__TX	302	1269	1589
DALLAS__TX	422989	310000	738463
DAWSON__TX	1152	2906	4096
DEAF_SMITH__TX	1247	3466	4744
DELTA__TX	589	1580	2187
DENTON__TX	91160	149935	243263
DEWITT__TX	1716	4888	6626
DICKENS__TX	234	730	972
DIMMIT__TX	2692	874	3587
DONLEY__TX	291	1374	1690
DUVAL__TX	3298	1076	4409
EASTLAND__TX	1271	5165	6509
ECTOR__TX	9123	26199	35606
EDWARDS__TX	346	673	1035
ELLIS__TX	15333	38078	53853
EL_PASO__TX	122021	61783	185233
ERATH__TX	3128	10768	14019
FALLS__TX	2225	3328	5599
FANNIN__TX	3464	8092	11694
FAYETTE__TX	3014	7582	10714
FISHER__TX	687	1083	1784
FLOYD__TX	730	1784	2521
FOARD__TX	198	327	538
FORT_BEND__TX	98368	103206	202822
FRANKLIN__TX	1036	3392	4491
FREESTONE__TX	2034	5205	7288
FRIO__TX	2405	1644	4062
GAINES__TX	650	3385	4067
GALVESTON__TX	41805	62258	105004
GARZA__TX	375	1356	1750
GILLESPIE__TX	2576	9563	12338
GLASSCOCK__TX	52	502	557
GOLIAD__TX	1329	2298	3655
GONZALES__TX	2167	4076	6287
GRAY__TX	1153	6924	8133
GRAYSON__TX	13900	31136	45477
GREGG__TX	13166	29203	42610
GRIMES__TX	2704	5562	8322
GUADALUPE__TX	16156	30869	47461
HALE__TX	2708	7171	9943
HALL__TX	324	930	1264
HAMILTON__TX	863	2876	3778
HANSFORD__TX	240	1847	2102
HARDEMAN__TX	373	1199	1595
HARDIN__TX	3939	16603	20702
HARRIS__TX	590982	571883	1171472
HARRISON__TX	8887	17103	26158
HARTLEY__TX	250	1711	1985
HASKELL__TX	699	1388	2116
HAYS__TX	28431	29638	59052
HEMPHILL__TX	216	1345	1570
HENDERSON__TX	7913	20857	28993
HIDALGO__TX	90261	39668	130784
HILL__TX	3811	9264	13188
HOCKLEY__TX	1797	5795	7645
HOOD__TX	5087	17299	22596
HOPKINS__TX	3530	9299	12919
HOUSTON__TX	2656	5872	8624
HOWARD__TX	2545	7029	9689
HUDSPETH__TX	430	458	898
HUNT__TX	8594	20573	29524
HUTCHINSON__TX	1322	7361	8761
IRION__TX	164	644	817
JACK__TX	470	2528	3023
JACKSON__TX	1301	3723	5057
JASPER__TX	3658	9022	12776
JEFF_DAVIS__TX	468	749	1236
JEFFERSON__TX	44888	42905	88296
JIM_HOGG__TX	1336	472	1815
JIM_WELLS__TX	6706	4841	11612
JOHNSON__TX	12912	36685	50050
JONES__TX	1528	4203	5808
KARNES__TX	1760	2736	4527
KAUFMAN__TX	11161	23735	35145
KENDALL__TX	3599	12971	16746
KENEDY__TX	108	94	202
KENT__TX	99	342	448
KERR__TX	5570	16752	22556
KIMBLE__TX	342	1487	1843
KING__TX	8	151	163
KINNEY__TX	633	907	1551
KLEBERG__TX	5256	4540	9876
KNOX__TX	367	986	1368
LAMAR__TX	5243	12952	18362
LAMB__TX	1156	3344	4525
LAMPASAS__TX	1903	5651	7634
LA_SALLE__TX	1052	714	1776
LAVACA__TX	1869	6293	8223
LEE__TX	2000	4312	6377
LEON__TX	1418	5566	7041
LIBERTY__TX	5991	15448	21626
LIMESTONE__TX	2516	5079	7652
LIPSCOMB__TX	155	1093	1256
LIVE_OAK__TX	1048	3095	4176
LLANO__TX	2250	7281	9629
LOVING__TX	12	67	79
LUBBOCK__TX	30486	66304	97534
LYNN__TX	627	1473	2116
MCCULLOCH__TX	728	2263	3010
MCLENNAN__TX	29998	49044	79674
MCMULLEN__TX	132	400	537
MADISON__TX	1146	2891	4074
MARION__TX	1644	2567	4252
MARTIN__TX	314	1389	1715
MASON__TX	546	1544	2121
MATAGORDA__TX	4440	7835	12373
MAVERICK__TX	8554	2316	10939
MEDINA__TX	5147	10480	15737
MENARD__TX	295	712	1018
MIDLAND__TX	9691	36155	46216
MILAM__TX	3044	5217	8357
MILLS__TX	398	1753	2177
MITCHELL__TX	586	1815	2431
MONTAGUE__TX	1597	6245	7950
MONTGOMERY__TX	36703	119884	157847
MOORE__TX	1123	4282	5437
MORRIS__TX	2055	3158	5248
MOTLEY__TX	67	522	594
NACOGDOCHES__TX	8393	14828	23391
NAVARRO__TX	5400	10810	16321
NEWTON__TX	1751	3446	5260
NOLAN__TX	1521	3485	5063
NUECES__TX	47912	52391	101230
OCHILTREE__TX	243	2851	3109
OLDHAM__TX	102	813	920
ORANGE__TX	7646	21509	29406
PALO_PINTO__TX	2499	7264	9890
PANOLA__TX	2586	7582	10216
PARKER__TX	10502	36974	47951
PARMER__TX	719	2969	3713
PECOS__TX	1476	2480	4010
POLK__TX	6230	13731	20149
POTTER__TX	8939	20761	30013
PRESIDIO__TX	1252	489	1757
RAINS__TX	1048	3146	4236
RANDALL__TX	9468	41948	51832
REAGAN__TX	197	795	994
REAL__TX	375	1238	1628
RED_RIVER__TX	1539	3461	5052
REEVES__TX	1606	1445	3077
REFUGIO__TX	1382	1855	3261
ROBERTS__TX	41	477	518
ROBERTSON__TX	2675	3980	6710
ROCKWALL__TX	8492	23300	32066
RUNNELS__TX	720	3118	3867
RUSK__TX	4983	13646	18722
SABINE__TX	1077	3749	4874
SAN_AUGUSTINE__TX	1328	2342	3715
SAN_JACINTO__TX	2721	6151	8958
SAN_PATRICIO__TX	8854	12404	21396
SAN_SABA__TX	487	1941	2457
SCHLEICHER__TX	324	970	1304
SCURRY__TX	1088	4414	5569
SHACKELFORD__TX	208	1284	1505
SHELBY__TX	2548	6630	9220
SHERMAN__TX	127	884	1020
SMITH__TX	23726	55187	79561
SOMERVELL__TX	799	2677	3533
STARR__TX	8274	1492	9792
STEPHENS__TX	626	2869	3526
STERLING__TX	97	520	619
STONEWALL__TX	206	524	735
SUTTON__TX	381	1189	1578
SWISHER__TX	813	1683	2535
TARRANT__TX	274880	348420	628553
TAYLOR__TX	12690	34317	47439
TERRELL__TX	186	323	519
TERRY__TX	1379	2879	4280
THROCKMORTON__TX	166	671	838
TITUS__TX	3145	6028	9245
TOM_GREEN__TX	11158	27362	38861
TRAVIS__TX	254017	136981	397714
TRINITY__TX	1925	4095	6077
TYLER__TX	2166	5644	7910
UPSHUR__TX	3790	11222	15164
UPTON__TX	288	898	1197
UVALDE__TX	4126	4590	8766
VAL_VERDE__TX	6982	5752	12820
VAN_ZANDT__TX	4505	15734	20395
VICTORIA__TX	9832	19878	29931
WALKER__TX	7334	11623	19146
WALLER__TX	7153	8265	15508
WARD__TX	899	2667	3602
WASHINGTON__TX	4034	10176	14377
WEBB__TX	33452	13119	46821
WHARTON__TX	4937	9431	14418
WHEELER__TX	314	1918	2245
WICHITA__TX	13868	31731	45982
WILBARGER__TX	1196	3283	4509
WILLACY__TX	3409	1456	4903
WILLIAMSON__TX	67691	88323	158403
WILSON__TX	5362	10904	16366
WINKLER__TX	477	1529	2032
WISE__TX	4471	15973	20639
WOOD__TX	4010	13658	17784
YOAKUM__TX	450	1989	2458
YOUNG__TX	1303	5942	7305
ZAPATA__TX	1939	919	2866
ZAVALA__TX	3263	596	3876
BEAVER__UT	542	1902	2509
BOX_ELDER__UT	3311	15228	19058
CACHE__UT	10294	29127	41332
CARBON__UT	3468	4091	7777
DAGGETT__UT	131	297	439
DAVIS__UT	30477	77341	110902
DUCHESNE__UT	911	4689	5744
EMERY__UT	973	3358	4448
GARFIELD__UT	405	1710	2159
GRAND__UT	2067	1871	4077
IRON__UT	3258	12518	16450
JUAB__UT	741	2683	3616
KANE__UT	856	2212	3154
MILLARD__UT	758	3653	4739
MORGAN__UT	689	3311	4161
PIUTE__UT	141	635	798
RICH__UT	154	831	1006
SALT_LAKE__UT	176988	176692	363749
SAN_JUAN__UT	2406	2638	5130
SANPETE__UT	1631	6664	8771
SEVIER__UT	1359	6394	8007
SUMMIT__UT	9532	6956	16809
TOOELE__UT	5830	10998	17337
UINTAH__UT	1462	8441	10151
UTAH__UT	29567	122224	157279
WASATCH__UT	2892	5430	8531
WASHINGTON__UT	10826	37311	49529
WAYNE__UT	335	940	1314
WEBER__UT	25666	45885	73394
ADDISON__VT	13202	5667	19238
BENNINGTON__VT	12524	6133	19129
CALEDONIA__VT	8900	5472	14728
CHITTENDEN__VT	59611	22237	83440
ESSEX__VT	1733	1284	3101
FRANKLIN__VT	13179	7853	21460
GRAND_ISLE__VT	2694	1490	4269
LAMOILLE__VT	8914	3515	12668
ORANGE__VT	9799	5047	15179
ORLEANS__VT	7998	4482	12771
RUTLAND__VT	19355	11584	31617
WASHINGTON__VT	22324	9129	32200
WINDHAM__VT	17585	5997	24081
WINDSOR__VT	21444	9084	31165
ACCOMACK__VA	7607	7833	15623
ALBEMARLE__VA	29792	20576	50984
ALLEGHANY__VA	3553	3715	7369
AMELIA__VA	2488	3970	6529
AMHERST__VA	6094	8470	14700
APPOMATTOX__VA	2641	4903	7630
ARLINGTON__VA	78994	29876	110153
AUGUSTA__VA	9825	23120	33338
BATH__VA	1043	1349	2432
BEDFORD_CO___VA	12225	25917	38564
BLAND__VA	864	2031	2959
BOTETOURT__VA	5693	11471	17406
BRUNSWICK__VA	4973	2877	7914
BUCHANAN__VA	4063	4541	8734
BUCKINGHAM__VA	3489	3428	6994
CAMPBELL__VA	8091	17444	25814
CAROLINE__VA	7163	5617	12919
CARROLL__VA	4109	8187	12579
CHARLES_CITY__VA	2838	1288	4153
CHARLOTTE__VA	2705	3372	6157
CHESTERFIELD__VA	74310	86413	162088
CLARKE__VA	3457	3840	7431
CRAIG__VA	877	1695	2621
CULPEPER__VA	8802	10711	19741
CUMBERLAND__VA	2255	2418	4724
DICKENSON__VA	3278	3324	6753
DINWIDDIE__VA	6246	6526	12892
ESSEX__VA	2934	2379	5364
FAIRFAX_CO___VA	310359	200994	516254
FAUQUIER__VA	14616	19227	34219
FLOYD__VA	2937	4441	7516
FLUVANNA__VA	6185	6420	12735
FRANKLIN_CO___VA	9618	15414	25401
FREDERICK__VA	12961	20149	33612
GILES__VA	3192	4462	7795
GLOUCESTER__VA	6916	12089	19222
GOOCHLAND__VA	4813	7643	12562
GRAYSON__VA	2480	4540	7220
GREENE__VA	3174	4980	8260
GREENSVILLE__VA	3122	1729	4887
HALIFAX__VA	8126	8600	16850
HANOVER__VA	18447	37344	56248
HENRICO__VA	86323	67381	154966
HENRY__VA	11118	13758	25215
HIGHLAND__VA	590	930	1554
ISLE_OF_WIGHT__VA	8573	11258	19997
JAMES_CITY__VA	17352	20912	38603
KING_AND_QUEEN__VA	1918	1763	3705
KING_GEORGE__VA	4473	5888	10474
KING_WILLIAM__VA	3344	4966	8388
LANCASTER__VA	3235	3647	6938
LEE__VA	3219	5825	9227
LOUDOUN__VA	74845	63336	139459
LOUISA__VA	6978	8182	15353
LUNENBURG__VA	2703	2900	5650
MADISON__VA	2862	3758	6699
MATHEWS__VA	1934	3456	5440
MECKLENBURG__VA	7127	7817	15082
MIDDLESEX__VA	2391	3545	6006
MONTGOMERY__VA	21031	19028	40653
NELSON__VA	4391	3647	8133
NEW_KENT__VA	3493	6385	9991
NORTHAMPTON__VA	3800	2713	6586
NORTHUMBERLAND__VA	3312	4041	7406
NOTTOWAY__VA	3413	3499	6988
ORANGE__VA	7107	8506	15801
PAGE__VA	4235	6041	10389
PATRICK__VA	2879	5491	8531
PITTSYLVANIA__VA	11415	18730	30433
POWHATAN__VA	4237	10088	14456
PRINCE_EDWARD__VA	5101	4174	9388
PRINCE_GEORGE__VA	7130	8752	16006
PRINCE_WILLIAM__VA	93435	67621	162446
PULASKI__VA	5918	8857	15050
RAPPAHANNOCK__VA	2105	2227	4405
RICHMOND_CO___VA	1618	2092	3745
ROANOKE_CO___VA	26387	35262	62373
ROCKBRIDGE__VA	4347	5732	10195
ROCKINGHAM__VA	10453	22468	33334
RUSSELL__VA	4932	6389	11494
SCOTT__VA	2725	6980	9875
SHENANDOAH__VA	6912	12005	19223
SMYTH__VA	4239	7817	12302
SOUTHAMPTON__VA	4402	4583	9067
SPOTSYLVANIA__VA	24897	28610	54069
STAFFORD__VA	25716	29221	55455
SURRY__VA	2626	1663	4325
SUSSEX__VA	3301	2026	5363
TAZEWELL__VA	5596	11201	17061
WARREN__VA	6997	8879	16126
WASHINGTON__VA	8063	16077	24500
WESTMORELAND__VA	4577	3719	8377
WISE__VA	4995	8914	14138
WYTHE__VA	4107	8207	12491
YORK__VA	13700	19833	33897
ALEXANDRIA__VA	50473	19181	70364
BRISTOL__VA	2665	4579	7359
BUENA_VISTA__VA	1108	1282	2423
CHARLOTTESVILLE__VA	15705	4078	20044
CHESAPEAKE__VA	53994	52625	107521
COLONIAL_HEIGHTS__VA	2562	6161	8849
COVINGTON__VA	1304	1020	2354
DANVILLE__VA	12352	8361	20890
EMPORIA__VA	1702	897	2617
FALLS_CHURCH__VA	4695	1970	6750
FRANKLIN__VA	2819	1576	4427
FREDERICKSBURG__VA	6155	3413	9677
GALAX__VA	1052	1317	2402
HAMPTON__VA	46917	20476	67943
HARRISONBURG__VA	8444	6048	14675
HOPEWELL__VA	5285	4149	9524
LEXINGTON__VA	1543	914	2479
LYNCHBURG__VA	16269	17638	34341
MANASSAS__VA	7518	5975	13627
MANASSAS_PARK__VA	2463	1634	4140
MARTINSVILLE__VA	4139	2311	6520
NEWPORT_NEWS__VA	51972	28667	81295
NORFOLK__VA	62819	24814	88446
NORTON__VA	743	744	1512
PETERSBURG__VA	13774	1583	15540
POQUOSON__VA	1748	5229	7065
PORTSMOUTH__VA	32327	13984	46665
RADFORD__VA	2930	2418	5429
RICHMOND__VA	73623	18649	93085
ROANOKE__VA	24934	15394	40772
SALEM__VA	5164	7088	12406
STAUNTON__VA	5569	5330	11015
SUFFOLK__VA	22446	17165	39908
VIRGINIA_BEACH__VA	98885	100319	201249
WAYNESBORO__VA	3906	4815	8860
WILLIAMSBURG__VA	4328	2353	6787
WINCHESTER__VA	5268	4725	10126
ADAMS__WA	1552	3222	4858
ASOTIN__WA	4139	5451	9780
BENTON__WA	26288	45345	72911
CHELAN__WA	13781	17605	31958
CLALLAM__WA	19470	18199	38519
CLARK__WA	95356	84212	182764
COLUMBIA__WA	686	1499	2228
COWLITZ__WA	24597	19554	45229
DOUGLAS__WA	5848	9098	15209
FERRY__WA	1467	1916	3501
FRANKLIN__WA	7361	12037	19696
GARFIELD__WA	385	968	1373
GRANT__WA	9601	17153	27438
GRAYS_HARBOR__WA	16354	12104	29184
ISLAND__WA	22058	19426	42159
JEFFERSON__WA	13252	6330	19991
KING__WA	648230	259716	922032
KITSAP__WA	68624	53297	124337
KITTITAS__WA	8030	9471	17868
KLICKITAT__WA	4965	4944	10164
LEWIS__WA	13624	20278	34705
LINCOLN__WA	2032	3803	5977
MASON__WA	15050	12600	28306
OKANOGAN__WA	7613	8798	16870
PACIFIC__WA	6094	4555	10937
PEND_OREILLE__WA	2562	3717	6552
PIERCE__WA	181824	141673	329520
SAN_JUAN__WA	7374	2958	10531
SKAGIT__WA	30053	24687	55886
SKAMANIA__WA	2817	2524	5490
SNOHOMISH__WA	187294	126722	320333
SPOKANE__WA	105786	108314	219511
STEVENS__WA	8499	13132	22341
THURSTON__WA	75882	48366	126709
WAHKIAKUM__WA	1121	1105	2294
WALLA_WALLA__WA	10081	14182	24727
WHATCOM__WA	58236	40205	100339
WHITMAN__WA	9070	8104	17589
YAKIMA__WA	33792	41946	77062
BARBOUR__WV	2419	3685	6232
BERKELEY__WV	15994	20841	37292
BOONE__WV	4529	3632	8370
BRAXTON__WV	2704	2629	5409
BROOKE__WV	4717	4961	9857
CABELL__WV	15292	18793	34592
CALHOUN__WV	993	1366	2429
CLAY__WV	1421	1755	3265
DODDRIDGE__WV	735	2218	3018
FAYETTE__WV	7242	7658	15194
GILMER__WV	1004	1445	2521
GRANT__WV	997	3166	4218
GREENBRIER__WV	5881	7567	13732
HAMPSHIRE__WV	2983	5222	8347
HANCOCK__WV	5504	7518	13220
HARDY__WV	1901	3376	5407
HARRISON__WV	13582	17824	31872
JACKSON__WV	4861	7148	12236
JEFFERSON__WV	11687	10600	22545
KANAWHA__WV	40594	40952	82484
LEWIS__WV	2109	4335	6606
LINCOLN__WV	3029	3637	6835
LOGAN__WV	5873	7326	13465
MCDOWELL__WV	3430	2882	6430
MARION__WV	11618	11501	23607
MARSHALL__WV	5996	7759	14001
MASON__WV	4484	5853	10603
MERCER__WV	7450	13246	21022
MINERAL__WV	3750	7616	11547
MINGO__WV	3582	4587	8338
MONONGALIA__WV	17060	15775	33379
MONROE__WV	2014	3397	5575
MORGAN__WV	2721	4428	7276
NICHOLAS__WV	4357	4804	9361
OHIO__WV	8593	10694	19540
PENDLETON__WV	1310	2035	3395
PLEASANTS__WV	1142	1772	2975
POCAHONTAS__WV	1548	2011	3642
PRESTON__WV	4205	7325	11796
PUTNAM__WV	9334	15162	24780
RALEIGH__WV	10237	17548	28259
RANDOLPH__WV	4539	6060	10833
RITCHIE__WV	998	2781	3846
ROANE__WV	2511	2943	5563
SUMMERS__WV	2290	2891	5316
TAYLOR__WV	2462	3605	6203
TUCKER__WV	1288	2123	3507
TYLER__WV	1241	2415	3741
UPSHUR__WV	2925	5911	8971
WAYNE__WV	6137	8947	15430
WEBSTER__WV	1552	1386	3057
WETZEL__WV	2942	3342	6454
WIRT__WV	782	1496	2326
WOOD__WV	12573	22896	36002
WYOMING__WV	2735	4621	7530
ADAMS__WI	5806	3974	9986
ASHLAND__WI	5818	2634	8574
BARRON__WI	12078	10457	22886
BAYFIELD__WI	5972	3365	9468
BROWN__WI	67269	55854	124754
BUFFALO__WI	3949	2923	7000
BURNETT__WI	4337	4200	8688
CALUMET__WI	13295	12722	26474
CHIPPEWA__WI	16239	13492	30231
CLARK__WI	7454	6383	14187
COLUMBIA__WI	16661	12193	29272
CRAWFORD__WI	4987	2830	7981
DANE__WI	205984	73065	282939
DODGE__WI	19183	23015	42823
DOOR__WI	10142	7112	17481
DOUGLAS__WI	15830	7835	24066
DUNN__WI	13002	9566	22989
EAU_CLAIRE__WI	33146	20959	55010
FLORENCE__WI	1134	1512	2685
FOND_DU_LAC__WI	23463	28164	52323
FOREST__WI	2673	1963	4683
GRANT__WI	14875	9068	24320
GREEN__WI	11502	6730	18534
GREEN_LAKE__WI	4000	5393	9536
IOWA__WI	7987	3829	11969
IRON__WI	1914	1464	3432
JACKSON__WI	5572	3552	9251
JEFFERSON__WI	21448	21096	43166
JUNEAU__WI	6186	5148	11530
KENOSHA__WI	45836	31609	78789
KEWAUNEE__WI	5902	4711	10787
LA_CROSSE__WI	38524	23701	63218
LAFAYETTE__WI	4732	2984	7831
LANGLADE__WI	5182	5081	10402
LINCOLN__WI	8424	6519	15268
MANITOWOC__WI	22428	19234	42414
MARATHON__WI	36367	30345	67940
MARINETTE__WI	11195	9726	21255
MARQUETTE__WI	4068	3654	7846
MENOMINEE__WI	1257	185	1448
MILWAUKEE__WI	319819	149445	475192
MONROE__WI	10198	8666	19152
OCONTO__WI	9927	8755	18968
ONEIDA__WI	11907	9630	21927
OUTAGAMIE__WI	50294	39677	91563
OZAUKEE__WI	20579	32172	53365
PEPIN__WI	2102	1616	3771
PIERCE__WI	11803	9812	22107
POLK__WI	10876	11282	22643
PORTAGE__WI	24817	13810	39422
PRICE__WI	4559	3461	8194
RACINE__WI	53408	45954	100642
RICHLAND__WI	5041	3298	8450
ROCK__WI	50529	27364	79169
RUSK__WI	3855	3253	7272
ST__CROIX__WI	21177	22837	44821
SAUK__WI	18617	11562	30626
SAWYER__WI	4765	4199	9085
SHAWANO__WI	10259	9538	20089
SHEBOYGAN__WI	30395	30801	62107
TAYLOR__WI	4563	4586	9346
TREMPEALEAU__WI	8321	4808	13314
VERNON__WI	8463	5367	14075
VILAS__WI	6491	7055	13750
WALWORTH__WI	24177	25485	50422
WASHBURN__WI	4693	4303	9112
WASHINGTON__WI	25719	47729	74411
WAUKESHA__WI	85339	145152	232897
WAUPACA__WI	12952	12232	25511
WAUSHARA__WI	5868	5770	11849
WINNEBAGO__WI	48167	37946	87677
WOOD__WI	21710	16581	39052
ALBANY__WY	8644	7936	17201
BIG_HORN__WY	1108	4045	5341
CAMPBELL__WY	2990	13011	16385
CARBON__WY	2336	4331	6900
CONVERSE__WY	1380	4922	6501
CROOK__WY	612	2967	3706
FREMONT__WY	6016	11083	17715
GOSHEN__WY	1832	3942	5965
HOT_SPRINGS__WY	619	1834	2564
JOHNSON__WY	908	3334	4375
LARAMIE__WY	16072	24549	41806
LINCOLN__WY	1823	6485	8615
NATRONA__WY	10475	21906	33473
NIOBRARA__WY	244	1017	1304
PARK__WY	3757	10839	15049
PLATTE__WY	1407	3002	4597
SHERIDAN__WY	4458	10177	15039
SUBLETTE__WY	936	3316	4375
SWEETWATER__WY	5762	10360	16833
TETON__WY	7472	4565	12359
UINTA__WY	2317	5763	8418
WASHAKIE__WY	1042	2956	4100
WESTON__WY	658	2618	3414
DISTRICT_1__AK	2597	4149	6970
DISTRICT_2__AK	3468	4029	7735
DISTRICT_3__AK	5657	2829	8767
DISTRICT_4__AK	4161	4302	8736
DISTRICT_5__AK	3393	3426	7123
DISTRICT_6__AK	2351	4234	6824
DISTRICT_7__AK	4283	6297	10894
DISTRICT_8__AK	4995	4983	10320
DISTRICT_9__AK	2805	4141	7143
DISTRICT_10__AK	2074	3392	5615
DISTRICT_11__AK	1924	7736	9866
DISTRICT_12__AK	1914	5467	7589
DISTRICT_13__AK	2800	8432	11526
DISTRICT_14__AK	2132	8108	10456
DISTRICT_15__AK	2510	8227	11086
DISTRICT_16__AK	2636	7774	10697
DISTRICT_17__AK	2645	6621	9448
DISTRICT_18__AK	2046	4252	6411
DISTRICT_19__AK	3095	4106	7372
DISTRICT_20__AK	2474	2536	5138
DISTRICT_21__AK	3647	4837	8675
DISTRICT_22__AK	3337	3109	6634
DISTRICT_23__AK	4075	2808	7082
DISTRICT_24__AK	3380	4127	7688
DISTRICT_25__AK	3233	3042	6443
DISTRICT_26__AK	4472	4037	8695
DISTRICT_27__AK	3130	5159	8498
DISTRICT_28__AK	3642	5953	9792
DISTRICT_29__AK	2684	4127	6962
DISTRICT_30__AK	3486	5500	9183
DISTRICT_31__AK	3596	6419	10220
DISTRICT_32__AK	5176	6867	12307
DISTRICT_33__AK	2089	6571	8909
DISTRICT_34__AK	1920	7358	9548
DISTRICT_35__AK	4254	4959	9503
DISTRICT_36__AK	2264	4201	6673
DISTRICT_37__AK	1868	2661	4665
DISTRICT_38__AK	2549	2056	4820
DISTRICT_39__AK	2695	2323	5184
DISTRICT_40__AK	2137	2686	5000
