_PARTIES	Democrat	Republican	Total
_COLORS	Blue	Red
AUTAUGA__AL	6363	17379	23932
BALDWIN__AL	18424	66016	85338
BARBOUR__AL	5912	5550	11509
BIBB__AL	2202	6132	8420
BLOUNT__AL	2970	20757	24006
BULLOCK__AL	4061	1251	5322
BUTLER__AL	4374	5087	9496
CALHOUN__AL	15511	30278	46257
CHAMBERS__AL	6871	7626	14611
CHEROKEE__AL	2132	7506	9779
CHILTON__AL	3397	13932	17462
CHOCTAW__AL	3786	4152	7968
CLARKE__AL	6334	7470	13851
CLAY__AL	1777	4817	6662
CLEBURNE__AL	971	5272	6305
COFFEE__AL	4925	14666	19770
COLBERT__AL	9166	13936	23385
CONECUH__AL	3555	3439	7022
COOSA__AL	2191	3049	5269
COVINGTON__AL	3158	12153	15423
CRENSHAW__AL	2050	4331	6418
CULLMAN__AL	5052	28999	34457
DALE__AL	5286	13108	18557
DALLAS__AL	14612	6288	20953
DEKALB__AL	5239	18331	23863
ELMORE__AL	8954	26253	35485
ESCAMBIA__AL	5489	9287	14869
ETOWAH__AL	12803	29130	42530
FAYETTE__AL	1817	6054	7946
FRANKLIN__AL	3171	7567	10859
GENEVA__AL	2039	9175	11320
GREENE__AL	4521	804	5340
HALE__AL	5411	3210	8643
HENRY__AL	3083	5628	8760
HOUSTON__AL	12367	29270	41918
JACKSON__AL	5822	14439	20577
JEFFERSON__AL	159876	141683	303918
LAMAR__AL	1646	5457	7166
LAUDERDALE__AL	12511	23911	36924
LAWRENCE__AL	5069	8874	14112
LEE__AL	21381	32194	54359
LIMESTONE__AL	9829	25295	35459
LOWNDES__AL	5747	1756	7521
MACON__AL	9045	1331	10394
MADISON__AL	62015	90884	155059
MARENGO__AL	6167	5336	11537
MARION__AL	2249	9697	12105
MARSHALL__AL	6299	25867	32566
MOBILE__AL	78760	94893	174864
MONROE__AL	4914	5741	10708
MONTGOMERY__AL	63085	38332	101924
MORGAN__AL	13439	35391	49323
PERRY__AL	4568	1506	6099
PICKENS__AL	4455	5124	9611
PIKE__AL	6035	7963	14107
RANDOLPH__AL	3078	7224	10398
RUSSELL__AL	10500	8278	18879
ST__CLAIR__AL	5801	29031	35148
SHELBY__AL	20051	71436	92507
SUMTER__AL	5421	1586	7027
TALLADEGA__AL	13905	19246	33373
TALLAPOOSA__AL	6319	12396	18829
TUSCALOOSA__AL	32048	45748	78590
WALKER__AL	6557	21651	28521
WASHINGTON__AL	2976	5761	8778
WILCOX__AL	4868	1679	6551
WINSTON__AL	1286	8312	9714
APACHE__AZ	17147	8250	25848
COCHISE__AZ	18546	29497	49003
COCONINO__AZ	29257	21220	51731
GILA__AZ	7697	13455	21528
GRAHAM__AZ	3609	8076	11855
GREENLEE__AZ	1310	1592	2974
LA_PAZ__AZ	1880	3714	5717
MARICOPA__AZ	602288	749885	1376558
MOHAVE__AZ	19533	49168	70010
NAVAJO__AZ	16945	19884	37335
PIMA__AZ	201251	174779	382250
PINAL__AZ	44306	62079	108315
SANTA_CRUZ__AZ	9486	4235	13894
YAVAPAI__AZ	33918	64468	100283
YUMA__AZ	18059	23352	41953
ARKANSAS__AR	2455	3897	6494
ASHLEY__AR	2859	4867	7921
BAXTER__AR	5172	13688	19339
BENTON__AR	22636	54646	79257
BOONE__AR	3772	11159	15391
BRADLEY__AR	1449	2134	3652
CALHOUN__AR	660	1458	2174
CARROLL__AR	3696	6125	10183
CHICOT__AR	2649	1670	4361
CLARK__AR	3811	4343	8409
CLAY__AR	1738	3225	5110
CLEBURNE__AR	2620	8693	11647
CLEVELAND__AR	845	2313	3266
COLUMBIA__AR	3557	5790	9455
CONWAY__AR	3005	4514	7730
CRAIGHEAD__AR	10527	20350	31700
CRAWFORD__AR	4881	15145	20591
CRITTENDEN__AR	9487	6998	16716
CROSS__AR	2279	4269	6681
DALLAS__AR	1337	1665	3084
DESHA__AR	2443	1896	4420
DREW__AR	2630	3887	6633
FAULKNER__AR	13621	26722	41460
FRANKLIN__AR	1726	4631	6540
FULTON__AR	1452	2949	4522
GARLAND__AR	13804	26014	40728
GRANT__AR	1468	4829	6479
GREENE__AR	4000	9071	13761
HEMPSTEAD__AR	2468	4284	6921
HOT_SPRING__AR	3830	7097	11260
HOWARD__AR	1471	2892	4462
INDEPENDENCE__AR	3281	8728	12397
IZARD__AR	1524	3575	5278
JACKSON__AR	2095	3072	5347
JEFFERSON__AR	17470	9520	27383
JOHNSON__AR	2799	5064	8098
LAFAYETTE__AR	1173	1713	2929
LAWRENCE__AR	1788	3536	5540
LEE__AR	2107	1280	3424
LINCOLN__AR	1425	2199	3726
LITTLE_RIVER__AR	1552	3385	5051
LOGAN__AR	2009	5079	7331
LONOKE__AR	5625	17880	24114
MADISON__AR	2099	4263	6568
MARION__AR	2037	4774	7051
MILLER__AR	4518	10622	15329
MISSISSIPPI__AR	6467	6603	13375
MONROE__AR	1583	1585	3230
MONTGOMERY__AR	920	2369	3404
NEVADA__AR	1314	1996	3384
NEWTON__AR	993	2508	3661
OUACHITA__AR	4633	5521	10315
PERRY__AR	1187	2581	3938
PHILLIPS__AR	5202	2598	7930
PIKE__AR	851	2847	3788
POINSETT__AR	2390	4974	7560
POLK__AR	1556	5955	7726
POPE__AR	5126	14763	20439
PRAIRIE__AR	880	2153	3141
PULASKI__AR	87248	68984	159381
RANDOLPH__AR	2046	3701	5956
ST__FRANCIS__AR	4910	3368	8362
SALINE__AR	12869	32963	47062
SCOTT__AR	897	2631	3640
SEARCY__AR	814	2699	3694
SEBASTIAN__AR	13092	29169	43362
SEVIER__AR	1042	3136	4330
SHARP__AR	2092	4921	7283
STONE__AR	1356	3776	5354
UNION__AR	6196	10699	17177
VAN_BUREN__AR	1832	4365	6430
WASHINGTON__AR	28236	39688	70460
WHITE__AR	5765	20011	26514
WOODRUFF__AR	1340	1227	2685
YELL__AR	1722	4042	5974
ALAMEDA__CA	469684	108182	595642
ALPINE__CA	389	236	653
AMADOR__CA	6830	10281	17649
BUTTE__CA	42669	44479	90752
CALAVERAS__CA	8670	12365	21786
COLUSA__CA	2314	3601	6034
CONTRA_COSTA__CA	290824	136517	438226
DEL_NORTE__CA	3791	4614	8770
EL_DORADO__CA	35166	50973	88774
FRESNO__CA	129129	124490	258827
GLENN__CA	3301	5632	9211
HUMBOLDT__CA	34457	18825	57470
IMPERIAL__CA	25136	12777	38565
INYO__CA	3422	4340	8036
KERN__CA	89495	126618	221472
KINGS__CA	12979	17671	31418
LAKE__CA	13163	9200	23391
LASSEN__CA	3053	7296	10683
LOS_ANGELES__CA	2216903	885333	3181067
MADERA__CA	16018	22852	39866
MARIN__CA	99896	30880	134516
MARIPOSA__CA	3498	5140	9000
MENDOCINO__CA	23193	9658	35017
MERCED__CA	33005	27581	62057
MODOC__CA	1111	2777	3986
MONO__CA	2733	2285	5181
MONTEREY__CA	82920	37390	123518
NAPA__CA	35870	19526	56968
NEVADA__CA	24663	24986	51676
ORANGE__CA	512440	582332	1122664
PLACER__CA	66818	99921	171322
PLUMAS__CA	4026	5721	10047
RIVERSIDE__CA	329063	318127	661907
SACRAMENTO__CA	300503	202514	516809
SAN_BENITO__CA	11276	7343	19044
SAN_BERNARDINO__CA	305109	262358	581517
SAN_DIEGO__CA	626957	536726	1192282
SAN_FRANCISCO__CA	301723	47076	361209
SAN_JOAQUIN__CA	114121	86071	204697
SAN_LUIS_OBISPO__CA	61258	59967	125638
SAN_MATEO__CA	206085	72756	285720
SANTA_BARBARA__CA	94129	64606	163320
SANTA_CLARA__CA	450818	174843	643091
SANTA_CRUZ__CA	90805	24047	120095
SHASTA__CA	25819	48067	76335
SIERRA__CA	653	1056	1795
SISKIYOU__CA	8046	11077	19910
SOLANO__CA	96783	52092	152444
SONOMA__CA	153942	54784	216508
STANISLAUS__CA	77724	73459	155369
SUTTER__CA	12192	18122	31026
TEHAMA__CA	7934	14235	22977
TRINITY__CA	2674	2716	5674
TULARE__CA	41752	56956	101100
TUOLUMNE__CA	9998	13880	24687
VENTURA__CA	170929	147958	326974
YOLO__CA	48715	23368	74475
YUBA__CA	7711	11275	19700
ADAMS__CO	100649	70972	176230
ALAMOSA__CO	3811	2705	6715
ARAPAHOE__CO	153905	125588	285516
ARCHULETA__CO	2679	3872	6734
BACA__CO	467	1559	2106
BENT__CO	815	1075	1942
BOULDER__CO	125091	49981	179499
BROOMFIELD__CO	16966	15008	32777
CHAFFEE__CO	5086	5070	10462
CHEYENNE__CO	172	889	1093
CLEAR_CREEK__CO	3119	2430	5743
CONEJOS__CO	2213	1835	4101
COSTILLA__CO	1340	446	1837
CROWLEY__CO	535	924	1502
CUSTER__CO	868	1788	2715
DELTA__CO	4622	10915	15925
DENVER__CO	222018	73111	301694
DOLORES__CO	334	859	1245
DOUGLAS__CO	60991	104204	167781
EAGLE__CO	12792	9411	22668
ELBERT__CO	3603	10266	14178
EL_PASO__CO	111819	170952	290175
FREMONT__CO	6704	13174	20416
GARFIELD__CO	11305	12535	24408
GILPIN__CO	1892	1346	3338
GRAND__CO	3684	4253	8187
GUNNISON__CO	5044	3341	8667
HINSDALE__CO	229	353	600
HUERFANO__CO	1953	1646	3714
JACKSON__CO	216	600	848
JEFFERSON__CO	159296	144197	311052
KIOWA__CO	118	677	821
KIT_CARSON__CO	838	2785	3702
LAKE__CO	1839	1098	3040
LA_PLATA__CO	15489	12794	29184
LARIMER__CO	92747	82376	180180
LAS_ANIMAS__CO	3445	3263	6862
LINCOLN__CO	552	1687	2287
LOGAN__CO	2712	6179	9124
MESA__CO	23846	47472	72947
MINERAL__CO	291	344	650
MOFFAT__CO	1330	4695	6168
MONTEZUMA__CO	4542	7401	12318
MONTROSE__CO	6138	13552	20130
MORGAN__CO	3912	6602	10777
OTERO__CO	3647	4382	8192
OURAY__CO	1646	1481	3202
PARK__CO	3862	5236	9366
PHILLIPS__CO	588	1637	2265
PITKIN__CO	6849	3024	10075
PROWERS__CO	1519	3230	4863
PUEBLO__CO	42551	31894	76194
RIO_BLANCO__CO	568	2724	3369
RIO_GRANDE__CO	2478	2918	5533
ROUTT__CO	7547	5469	13317
SAGUACHE__CO	1864	964	2930
SAN_JUAN__CO	266	212	506
SAN_MIGUEL__CO	2992	1154	4256
SEDGWICK__CO	419	881	1338
SUMMIT__CO	9347	5571	15312
TELLER__CO	4333	8702	13407
WASHINGTON__CO	468	2076	2591
WELD__CO	49050	63775	115866
YUMA__CO	987	3490	4577
FAIRFIELD__CT	217294	175168	396130
HARTFORD__CT	244639	143238	392240
LITCHFIELD__CT	43856	47201	92427
MIDDLESEX__CT	47855	34591	83538
NEW_HAVEN__CT	218972	138357	361026
NEW_LONDON__CT	67144	46119	115102
TOLLAND__CT	25957	19768	46588
WINDHAM__CT	25957	19768	46494
KENT__DE	35527	32135	68696
NEW_CASTLE__DE	167082	81230	252012
SUSSEX__DE	39975	52119	93229
DISTRICT_OF_COLUMBIA__DC	267070	21381	293764
ALACHUA__FL	69699	48797	120418
BAKER__FL	2311	8975	11368
BAY__FL	22051	56876	79861
BRADFORD__FL	3325	8219	11635
BREVARD__FL	122993	159300	285559
BROWARD__FL	508312	244101	756422
CALHOUN__FL	1664	4366	6152
CHARLOTTE__FL	35906	47996	84682
CITRUS__FL	28460	44662	73935
CLAY__FL	25759	70022	96589
COLLIER__FL	51698	96520	149112
COLUMBIA__FL	8462	18429	27163
DESOTO__FL	4174	5587	9865
DIXIE__FL	1798	5052	6941
DUVAL__FL	196737	211615	411848
ESCAMBIA__FL	58185	88711	148502
FLAGLER__FL	23207	26969	50595
FRANKLIN__FL	1845	3570	5474
GADSDEN__FL	15770	6630	22499
GILCHRIST__FL	1885	5917	7909
GLADES__FL	1603	2344	3989
GULF__FL	2014	4995	7108
HAMILTON__FL	2228	3138	5407
HARDEE__FL	2463	4696	7226
HENDRY__FL	4751	5355	10185
HERNANDO__FL	37830	44938	83667
HIGHLANDS__FL	16148	25915	42444
HILLSBOROUGH__FL	286467	250186	542102
HOLMES__FL	1264	6919	8274
INDIAN_RIVER__FL	27492	43450	71464
JACKSON__FL	7342	13418	20941
JEFFERSON__FL	3945	3808	7808
LAFAYETTE__FL	687	2668	3399
LAKE__FL	61799	87643	150811
LEE__FL	110157	154163	266166
LEON__FL	90881	55805	148353
LEVY__FL	6119	12054	18399
LIBERTY__FL	942	2301	3284
MADISON__FL	4176	4474	8715
MANATEE__FL	66503	85627	153491
MARION__FL	66831	93043	161385
MARTIN__FL	30107	48183	78873
MIAMI_DADE__FL	541440	332981	878314
MONROE__FL	19404	19234	39057
NASSAU__FL	10251	29929	40528
OKALOOSA__FL	23421	70168	94798
OKEECHOBEE__FL	4856	7328	12324
ORANGE__FL	273665	188589	466359
OSCEOLA__FL	67239	40592	108698
PALM_BEACH__FL	349651	247398	600721
PASCO__FL	98263	112427	213573
PINELLAS__FL	239104	213258	457702
POLK__FL	114622	131577	248683
PUTNAM__FL	11667	19326	31324
ST__JOHNS__FL	35190	78513	114795
ST__LUCIE__FL	65869	56202	123027
SANTA_ROSA__FL	17768	58186	76846
SARASOTA__FL	95119	110504	207480
SEMINOLE__FL	96445	109943	208620
SUMTER__FL	19524	40646	60479
SUWANNEE__FL	4751	12672	17629
TAYLOR__FL	2764	6249	9120
UNION__FL	1339	3980	5393
VOLUSIA__FL	114748	117490	234536
WAKULLA__FL	5175	9290	14660
WALTON__FL	6671	21490	28494
WASHINGTON__FL	2820	8038	10999
APPLING__GA	1758	5233	7086
ATKINSON__GA	930	1938	2902
BACON__GA	791	3093	3931
BAKER__GA	794	785	1589
BALDWIN__GA	8483	7589	16238
BANKS__GA	780	5354	6195
BARROW__GA	6028	18725	25199
BARTOW__GA	8396	26876	35802
BEN_HILL__GA	2512	3396	5956
BERRIEN__GA	1273	4843	6201
BIBB__GA	38585	25623	64718
BLECKLEY__GA	1269	3587	4907
BRANTLEY__GA	939	4964	6002
BROOKS__GA	3138	3554	6742
BRYAN__GA	3707	9560	13453
BULLOCH__GA	9593	14174	24085
BURKE__GA	5405	4301	9779
BUTTS__GA	2968	6306	9381
CALHOUN__GA	1298	883	2188
CAMDEN__GA	6377	11343	17983
CANDLER__GA	1157	2344	3528
CARROLL__GA	12688	28280	41549
CATOOSA__GA	5365	17858	23678
CHARLTON__GA	1197	2527	3764
CHATHAM__GA	60246	47204	108628
CHATTAHOOCHEE__GA	729	735	1490
CHATTOOGA__GA	2232	5452	7822
CHEROKEE__GA	19841	76514	98220
CLARKE__GA	25431	13815	40368
CLAY__GA	862	537	1402
CLAYTON__GA	81479	14164	96067
CLINCH__GA	852	1598	2472
COBB__GA	133124	171722	310116
COFFEE__GA	5057	9248	14454
COLQUITT__GA	3973	9243	13328
COLUMBIA__GA	16451	41765	58923
COOK__GA	2042	3935	6031
COWETA__GA	15168	39653	55555
CRAWFORD__GA	1706	3368	5133
CRISP__GA	3167	4182	7396
DADE__GA	1411	4471	6020
DAWSON__GA	1241	8847	10244
DECATUR__GA	4591	5824	10485
DEKALB__GA	238224	64392	306265
DODGE__GA	2442	5214	7733
DOOLY__GA	2285	1985	4298
DOUGHERTY__GA	26295	11449	37919
DOUGLAS__GA	28441	26241	55267
EARLY__GA	2765	2557	5353
ECHOLS__GA	173	917	1102
EFFINGHAM__GA	4947	15596	20816
ELBERT__GA	3181	4859	8143
EMANUEL__GA	2927	5100	8083
EVANS__GA	1268	2268	3563
FANNIN__GA	2028	7857	10017
FAYETTE__GA	19736	38075	58568
FLOYD__GA	9640	22733	32829
FORSYTH__GA	14571	65908	81731
FRANKLIN__GA	1499	6114	7762
FULTON__GA	255470	137124	397413
GILMER__GA	1958	8926	11018
GLASCOCK__GA	176	1135	1333
GLYNN__GA	11950	20893	33133
GORDON__GA	3440	13197	16897
GRADY__GA	3419	5924	9396
GREENE__GA	3201	5071	8323
GWINNETT__GA	132509	159855	296728
HABERSHAM__GA	2301	12166	14641
HALL__GA	12999	47481	61364
HANCOCK__GA	3308	769	4088
HARALSON__GA	1789	8446	10376
HARRIS__GA	4145	11197	15488
HART__GA	2870	6517	9511
HEARD__GA	948	3160	4172
HENRY__GA	43761	46774	91378
HOUSTON__GA	22702	34662	58056
IRWIN__GA	1141	2538	3709
JACKSON__GA	4238	19135	23704
JASPER__GA	1845	4136	6031
JEFF_DAVIS__GA	1275	3996	5336
JEFFERSON__GA	4261	2999	7298
JENKINS__GA	1488	1887	3390
JOHNSON__GA	1305	2440	3772
JONES__GA	4274	7744	12105
LAMAR__GA	2602	4899	7592
LANIER__GA	1114	1820	2972
LAURENS__GA	7513	11950	19604
LEE__GA	3196	10314	13628
LIBERTY__GA	10457	5565	16170
LINCOLN__GA	1586	2807	4426
LONG__GA	1442	2306	3802
LOWNDES__GA	17470	21327	39137
LUMPKIN__GA	2055	8647	10905
MCDUFFIE__GA	4044	5475	9592
MCINTOSH__GA	2864	3409	6341
MACON__GA	3211	1545	4781
MADISON__GA	2494	8443	11104
MARION__GA	1412	1733	3170
MERIWETHER__GA	4331	4856	9264
MILLER__GA	852	1905	2775
MITCHELL__GA	4081	4155	8275
MONROE__GA	3785	8361	12277
MONTGOMERY__GA	1135	2662	3832
MORGAN__GA	2753	6186	9027
MURRAY__GA	2542	8443	11217
MUSCOGEE__GA	42573	27510	70603
NEWTON__GA	21851	20982	43234
OCONEE__GA	4421	13098	17817
OGLETHORPE__GA	1914	4251	6273
PAULDING__GA	15825	40846	57399
PEACH__GA	6148	5287	11516
PICKENS__GA	1975	10547	12680
PIERCE__GA	1124	5667	6846
PIKE__GA	1356	6668	8109
POLK__GA	3615	9811	13608
PULASKI__GA	1219	2444	3682
PUTNAM__GA	2926	6215	9222
QUITMAN__GA	612	510	1128
RABUN__GA	1559	5754	7463
RANDOLPH__GA	1770	1271	3058
RICHMOND__GA	52560	25845	79020
ROCKDALE__GA	22023	15716	38085
SCHLEY__GA	448	1286	1748
SCREVEN__GA	2774	3287	6100
SEMINOLE__GA	1478	2245	3769
SPALDING__GA	9898	14911	25088
STEPHENS__GA	2131	7221	9498
STEWART__GA	1323	745	2076
SUMTER__GA	6375	5378	11831
TALBOT__GA	2265	1202	3491
TALIAFERRO__GA	636	323	963
TATTNALL__GA	1897	4706	6667
TAYLOR__GA	1572	1948	3538
TELFAIR__GA	1805	2480	4336
TERRELL__GA	2544	1834	4398
THOMAS__GA	7653	11156	18953
TIFT__GA	4660	9185	13927
TOOMBS__GA	2746	6524	9344
TOWNS__GA	1273	4876	6211
TREUTLEN__GA	1074	1652	2750
TROUP__GA	10547	15179	25986
TURNER__GA	1510	2028	3559
TWIGGS__GA	2270	1907	4202
UNION__GA	2139	8773	11079
UPSON__GA	3959	7230	11263
WALKER__GA	5274	16247	21896
WALTON__GA	8148	29036	37612
WARE__GA	3900	7941	11939
WARREN__GA	1529	990	2526
WASHINGTON__GA	4714	4035	8808
WAYNE__GA	2596	7557	10269
WEBSTER__GA	582	601	1187
WHEELER__GA	772	1366	2160
WHITE__GA	1671	8651	10488
WHITFIELD__GA	7210	19305	26876
WILCOX__GA	1060	2053	3129
WILKES__GA	2087	2635	4761
WILKINSON__GA	2181	2246	4450
WORTH__GA	2487	5869	8419
HAWAII__HI	47224	14753	63454
HONOLULU__HI	204349	88461	296742
KAUAI__HI	18641	6121	25372
MAUI__HI	36052	11602	48653
ADA__ID	77137	97554	180546
ADAMS__ID	577	1413	2060
BANNOCK__ID	13214	21010	35260
BEAR_LAKE__ID	302	2489	2822
BENEWAH__ID	1164	2596	3884
BINGHAM__ID	3822	13440	17603
BLAINE__ID	5992	3939	10194
BOISE__ID	1053	2284	3445
BONNER__ID	6500	11367	18536
BONNEVILLE__ID	9903	32276	43213
BOUNDARY__ID	1225	3138	4544
BUTTE__ID	258	1001	1286
CAMAS__ID	159	402	578
CANYON__ID	19866	44369	66090
CARIBOU__ID	386	2608	3052
CASSIA__ID	1098	7154	8396
CLARK__ID	66	235	328
CLEARWATER__ID	1032	2541	3696
CUSTER__ID	530	1744	2352
ELMORE__ID	2513	5227	8001
FRANKLIN__ID	325	5195	5600
FREMONT__ID	810	4907	5802
GEM__ID	1957	5311	7490
GOODING__ID	1287	3696	5118
IDAHO__ID	1708	5921	7837
JEFFERSON__ID	1303	9895	11381
JEROME__ID	1699	4804	6681
KOOTENAI__ID	18851	39381	59828
LATAH__ID	8306	7589	16759
LEMHI__ID	960	3029	4110
LEWIS__ID	396	1173	1614
LINCOLN__ID	469	1141	1662
MADISON__ID	832	13445	14412
MINIDOKA__ID	1390	5442	6973
NEZ_PERCE__ID	6451	9967	16848
ONEIDA__ID	217	1838	2089
OWYHEE__ID	833	2794	3724
PAYETTE__ID	2271	6004	8495
POWER__ID	982	1870	2903
SHOSHONE__ID	2277	2699	5148
TETON__ID	1926	2458	4523
TWIN_FALLS__ID	7541	19773	28142
VALLEY__ID	2095	2664	4919
WASHINGTON__ID	1104	3128	4330
ADAMS__IL	9648	20416	30607
ALEXANDER__IL	1965	1487	3501
BOND__IL	3020	4095	7336
BOONE__IL	9883	11096	21365
BROWN__IL	787	1513	2364
BUREAU__IL	8134	8164	16631
CALHOUN__IL	1080	1440	2576
CARROLL__IL	3665	3555	7386
CASS__IL	2053	2707	4862
CHAMPAIGN__IL	40831	35312	78359
CHRISTIAN__IL	5494	8885	14701
CLARK__IL	2591	5144	7860
CLAY__IL	1584	4190	5908
CLINTON__IL	5596	10524	16450
COLES__IL	9262	11631	21358
COOK__IL	1488537	495542	2011597
CRAWFORD__IL	2858	5585	8609
CUMBERLAND__IL	1641	3509	5295
DEKALB__IL	21207	18934	41092
DE_WITT__IL	2601	4579	7345
DOUGLAS__IL	2430	5334	7897
DUPAGE__IL	199460	195046	401079
EDGAR__IL	2565	5132	7819
EDWARDS__IL	754	2405	3228
EFFINGHAM__IL	3861	12501	16613
FAYETTE__IL	2853	5951	8971
FORD__IL	1656	4229	6006
FRANKLIN__IL	7254	10267	17914
FULTON__IL	8328	6632	15356
GALLATIN__IL	1029	1492	2573
GREENE__IL	2023	3451	5622
GRUNDY__IL	9451	11343	21244
HAMILTON__IL	1269	2566	3941
HANCOCK__IL	3650	5271	9111
HARDIN__IL	742	1535	2330
HENDERSON__IL	1978	1541	3568
HENRY__IL	12332	11583	24322
IROQUOIS__IL	3413	9120	12784
JACKSON__IL	13319	9864	24012
JASPER__IL	1436	3514	5043
JEFFERSON__IL	6089	9811	16320
JERSEY__IL	3667	6039	9959
JO_DAVIESS__IL	5667	5534	11429
JOHNSON__IL	1572	3963	5672
KANE__IL	90332	88335	181642
KANKAKEE__IL	21595	23136	45509
KENDALL__IL	22471	24047	47295
KNOX__IL	13451	9408	23278
LAKE__IL	153757	129764	287493
LA_SALLE__IL	23073	23256	47259
LAWRENCE__IL	2011	3857	5989
LEE__IL	6937	8059	15301
LIVINGSTON__IL	5020	9753	15039
LOGAN__IL	3978	7844	12053
MCDONOUGH__IL	5967	6147	12454
MCHENRY__IL	59797	71598	133844
MCLEAN__IL	31883	39947	73382
MACON__IL	22780	25309	48899
MACOUPIN__IL	9464	10946	21010
MADISON__IL	58922	60608	122473
MARION__IL	6225	9248	15764
MARSHALL__IL	2455	3290	5850
MASON__IL	2867	3265	6272
MASSAC__IL	2092	4278	6495
MENARD__IL	2100	3948	6151
MERCER__IL	4507	3876	8534
MONROE__IL	6215	10888	17432
MONTGOMERY__IL	5058	6776	12133
MORGAN__IL	5806	7972	14096
MOULTRIE__IL	2144	3784	6057
OGLE__IL	9514	13422	23367
PEORIA__IL	40209	36774	78411
PERRY__IL	3819	5507	9549
PIATT__IL	3090	5413	8707
PIKE__IL	2278	4860	7286
POPE__IL	650	1512	2222
PULASKI__IL	1389	1564	3003
PUTNAM__IL	1559	1502	3135
RANDOLPH__IL	5759	8290	14392
RICHLAND__IL	2362	4756	7282
ROCK_ISLAND__IL	39157	24934	65016
ST__CLAIR__IL	67285	50125	119466
SALINE__IL	3701	6806	10720
SANGAMON__IL	42107	50225	94297
SCHUYLER__IL	1727	2069	3890
SCOTT__IL	910	1587	2555
SHELBY__IL	3342	6843	10395
STARK__IL	1095	1528	2662
STEPHENSON__IL	10165	10512	21055
TAZEWELL__IL	24438	35335	61048
UNION__IL	3137	4957	8282
VERMILION__IL	12878	16892	30314
WABASH__IL	1590	3478	5134
WARREN__IL	4044	3618	7793
WASHINGTON__IL	2450	4792	7405
WAYNE__IL	1514	5988	7680
WHITE__IL	2188	4731	7064
WHITESIDE__IL	14833	10334	25654
WILL__IL	144229	128969	277387
WILLIAMSON__IL	10647	17909	29143
WINNEBAGO__IL	61732	55138	118984
WOODFORD__IL	5572	12961	18874
ADAMS__IN	3806	8937	13011
ALLEN__IN	60036	84613	146939
BARTHOLOMEW__IN	10625	18083	29326
BENTON__IN	1159	2329	3578
BLACKFORD__IN	1927	2711	4743
BOONE__IN	8328	18808	27737
BROWN__IN	3060	4332	7604
CARROLL__IN	2635	4999	7810
CASS__IN	5371	8443	14161
CLARK__IN	20807	25450	47146
CLAY__IN	3460	7096	10784
CLINTON__IN	3308	6338	9883
CRAWFORD__IN	2041	2421	4590
DAVIESS__IN	2437	7638	10250
DEARBORN__IN	6528	15394	22356
DECATUR__IN	2941	7119	10308
DEKALB__IN	5419	10587	16328
DELAWARE__IN	22654	21251	44968
DUBOIS__IN	6522	11654	18542
ELKHART__IN	24399	42378	67852
FAYETTE__IN	3555	5045	8837
FLOYD__IN	14812	19878	35305
FOUNTAIN__IN	2237	4664	7111
FRANKLIN__IN	2909	7424	10560
FULTON__IN	2621	5317	8126
GIBSON__IN	4928	9487	14721
GRANT__IN	9589	15151	25285
GREENE__IN	4350	8457	13111
HAMILTON__IN	43796	90747	136863
HANCOCK__IN	9319	22796	32843
HARRISON__IN	6607	10640	17671
HENDRICKS__IN	21112	44312	66644
HENRY__IN	7613	10838	19007
HOWARD__IN	15135	20327	36290
HUNTINGTON__IN	4596	10862	15765
JACKSON__IN	5838	10419	16712
JASPER__IN	4672	7955	12896
JAY__IN	3063	4645	7901
JEFFERSON__IN	5728	7096	13126
JENNINGS__IN	3821	6120	10250
JOHNSON__IN	17260	39513	57964
KNOX__IN	5228	9612	15145
KOSCIUSKO__IN	6862	22558	30060
LAGRANGE__IN	2898	6231	9316
LAKE__IN	130897	68431	201758
LAPORTE__IN	24107	18615	43681
LAWRENCE__IN	5779	11622	17822
MADISON__IN	24407	26769	52370
MARION__IN	216336	136509	359009
MARSHALL__IN	6137	11260	17765
MARTIN__IN	1351	3262	4743
MIAMI__IN	4222	8174	12781
MONROE__IN	33436	22481	57223
MONTGOMERY__IN	4271	9824	14440
MORGAN__IN	7969	19591	28266
NEWTON__IN	2212	3291	5654
NOBLE__IN	5229	10680	16244
OHIO__IN	994	1759	2819
ORANGE__IN	2939	4617	7776
OWEN__IN	2823	5062	8113
PARKE__IN	2110	4234	6515
PERRY__IN	4316	3403	7875
PIKE__IN	2125	3627	5926
PORTER__IN	37252	34406	73039
POSEY__IN	4533	7430	12226
PULASKI__IN	1899	3366	5399
PUTNAM__IN	4507	9005	13829
RANDOLPH__IN	3769	6218	10189
RIPLEY__IN	3241	7484	10983
RUSH__IN	2221	4633	7026
ST__JOSEPH__IN	56460	52578	110704
SCOTT__IN	3998	4539	8720
SHELBY__IN	5359	10978	16760
SPENCER__IN	4026	5515	9728
STARKE__IN	3809	4738	8754
STEUBEN__IN	4853	8547	13695
SULLIVAN__IN	3191	4902	8290
SWITZERLAND__IN	1437	1872	3397
TIPPECANOE__IN	26711	28757	56896
TIPTON__IN	2432	4773	7365
UNION__IN	1018	2022	3100
VANDERBURGH__IN	31725	39389	72404
VERMILLION__IN	2979	3426	6581
VIGO__IN	19712	19369	39877
WABASH__IN	3973	8644	12874
WARREN__IN	1324	2377	3800
WARRICK__IN	8793	15351	24630
WASHINGTON__IN	3909	6533	10737
WAYNE__IN	10591	14321	25477
WELLS__IN	3436	9256	12935
WHITE__IN	3637	5970	9903
WHITLEY__IN	4420	10258	15011
ADAIR__IA	1790	2114	3996
ADAMS__IA	1028	1108	2185
ALLAMAKEE__IA	3553	3264	6934
APPANOOSE__IA	2951	3161	6245
AUDUBON__IA	1611	1802	3457
BENTON__IA	6862	6940	14023
BLACK_HAWK__IA	39821	26235	67141
BOONE__IA	7512	6556	14388
BREMER__IA	6763	6405	13346
BUCHANAN__IA	5911	4450	10535
BUENA_VISTA__IA	3700	4554	8383
BUTLER__IA	3329	4106	7545
CALHOUN__IA	2238	2891	5230
CARROLL__IA	4947	5601	10674
CASS__IA	2858	4217	7205
CEDAR__IA	4972	4529	9649
CERRO_GORDO__IA	13316	10128	23824
CHEROKEE__IA	2634	3662	6415
CHICKASAW__IA	3554	2836	6484
CLARKE__IA	2189	2124	4430
CLAY__IA	3385	4951	8502
CLAYTON__IA	4806	4164	9138
CLINTON__IA	15141	9432	25000
CRAWFORD__IA	3066	3595	6752
DALLAS__IA	16576	20988	38116
DAVIS__IA	1520	2138	3773
DECATUR__IA	1791	1947	3833
DELAWARE__IA	4616	4636	9378
DES_MOINES__IA	11888	8136	20385
DICKINSON__IA	4095	5912	10159
DUBUQUE__IA	28768	21280	50894
EMMET__IA	2099	2507	4687
FAYETTE__IA	5732	4492	10366
FLOYD__IA	4680	3472	8257
FRANKLIN__IA	2266	2823	5186
FREMONT__IA	1637	1972	3668
GREENE__IA	2375	2380	4846
GRUNDY__IA	2635	4215	6962
GUTHRIE__IA	2569	3171	5888
HAMILTON__IA	3782	3991	7927
HANCOCK__IA	2521	3317	5925
HARDIN__IA	4075	4670	8898
HARRISON__IA	3136	4065	7322
HENRY__IA	4460	5035	9697
HOWARD__IA	2768	1795	4645
HUMBOLDT__IA	1972	3099	5158
IDA__IA	1321	2286	3663
IOWA__IA	4144	4569	8866
JACKSON__IA	5907	4177	10242
JASPER__IA	10257	8877	19515
JEFFERSON__IA	4798	3436	8530
JOHNSON__IA	50666	23698	75977
JONES__IA	5534	4721	10449
KEOKUK__IA	2303	2843	5266
KOSSUTH__IA	3850	4937	8923
LEE__IA	10714	7785	18911
LINN__IA	68581	47622	118453
LOUISA__IA	2452	2420	4968
LUCAS__IA	1987	2254	4323
LYON__IA	1423	4978	6509
MADISON__IA	3630	4638	8458
MAHASKA__IA	4213	6448	10883
MARION__IA	7507	9828	17687
MARSHALL__IA	10257	8472	19064
MILLS__IA	2848	4216	7212
MITCHELL__IA	2831	2643	5586
MONONA__IA	2101	2557	4742
MONROE__IA	1731	2026	3830
MONTGOMERY__IA	1922	3001	5025
MUSCATINE__IA	11323	8168	19865
O_BRIEN__IA	1969	5266	7341
OSCEOLA__IA	912	2230	3194
PAGE__IA	2613	4348	7079
PALO_ALTO__IA	2139	2660	4887
PLYMOUTH__IA	4164	8597	12950
POCAHONTAS__IA	1523	2396	4032
POLK__IA	128465	96096	228882
POTTAWATTAMIE__IA	19644	21860	42301
POWESHIEK__IA	5357	4424	9975
RINGGOLD__IA	1186	1368	2599
SAC__IA	2122	3094	5291
SCOTT__IA	50652	38251	90263
SHELBY__IA	2469	3911	6483
SIOUX__IA	2700	14407	17308
STORY__IA	26192	19668	47150
TAMA__IA	4768	4098	9017
TAYLOR__IA	1262	1683	2995
UNION__IA	3043	2813	5957
VAN_BUREN__IA	1402	2064	3569
WAPELLO__IA	8663	6789	15770
WARREN__IA	12551	13052	26072
WASHINGTON__IA	5115	5562	11004
WAYNE__IA	1251	1583	2900
WEBSTER__IA	9537	8469	18292
WINNEBAGO__IA	2903	2906	5918
WINNESHIEK__IA	6256	4622	11084
WOODBURY__IA	22302	21841	45019
WORTH__IA	2350	1744	4172
WRIGHT__IA	2836	3349	6278
ALLEN__KS	1869	3316	5310
ANDERSON__KS	944	2276	3315
ATCHISON__KS	2567	3917	6674
BARBER__KS	482	1772	2314
BARTON__KS	2297	7874	10341
BOURBON__KS	1996	4102	6254
BROWN__KS	1076	2829	3993
BUTLER__KS	7282	18157	26085
CHASE__KS	358	875	1271
CHAUTAUQUA__KS	280	1304	1630
CHEROKEE__KS	2930	5456	8571
CHEYENNE__KS	233	1159	1426
CLARK__KS	174	805	1017
CLAY__KS	834	2788	3686
CLOUD__KS	974	2954	4058
COFFEY__KS	898	2903	3906
COMANCHE__KS	143	767	928
COWLEY__KS	4319	8081	12710
CRAWFORD__KS	6826	7708	14945
DECATUR__KS	266	1218	1532
DICKINSON__KS	2020	5832	8042
DONIPHAN__KS	902	2414	3403
DOUGLAS__KS	29267	17401	48145
EDWARDS__KS	298	1059	1385
ELK__KS	281	1049	1369
ELLIS__KS	3057	8399	11714
ELLSWORTH__KS	702	1930	2712
FINNEY__KS	2682	6219	9084
FORD__KS	2600	5602	8362
FRANKLIN__KS	3694	6984	10990
GEARY__KS	3332	4372	7845
GOVE__KS	176	1168	1383
GRAHAM__KS	256	1056	1340
GRANT__KS	456	1811	2306
GRAY__KS	324	1603	1958
GREELEY__KS	113	543	670
GREENWOOD__KS	478	1590	2123
HAMILTON__KS	163	693	877
HARPER__KS	550	1759	2389
HARVEY__KS	5373	8588	14294
HASKELL__KS	215	1159	1396
HODGEMAN__KS	179	868	1060
JACKSON__KS	1901	3527	5561
JEFFERSON__KS	2977	4827	8013
JEWELL__KS	229	1235	1497
JOHNSON__KS	110526	158401	274365
KEARNY__KS	268	1097	1386
KINGMAN__KS	733	2397	3231
KIOWA__KS	163	976	1144
LABETTE__KS	3117	4742	8037
LANE__KS	172	739	928
LEAVENWORTH__KS	11357	17059	29085
LINCOLN__KS	289	1165	1483
LINN__KS	1170	3177	4467
LOGAN__KS	197	1126	1350
LYON__KS	5111	6470	11875
MCPHERSON__KS	3449	8545	12297
MARION__KS	1385	3889	5409
MARSHALL__KS	1469	3195	4773
MEADE__KS	258	1428	1709
MIAMI__KS	4712	9858	14856
MITCHELL__KS	584	2327	2965
MONTGOMERY__KS	3501	8630	12417
MORRIS__KS	718	1773	2562
MORTON__KS	189	1072	1278
NEMAHA__KS	1000	3930	5026
NEOSHO__KS	2050	4272	6480
NESS__KS	218	1209	1444
NORTON__KS	398	1878	2325
OSAGE__KS	2268	4427	6906
OSBORNE__KS	324	1479	1838
OTTAWA__KS	558	2295	2933
PAWNEE__KS	718	1836	2608
PHILLIPS__KS	382	2135	2565
POTTAWATOMIE__KS	2335	6804	9479
PRATT__KS	980	2771	3801
RAWLINS__KS	190	1223	1444
RENO__KS	8085	15718	24422
REPUBLIC__KS	477	2134	2686
RICE__KS	911	2676	3681
RILEY__KS	8977	11507	21101
ROOKS__KS	361	2038	2460
RUSH__KS	367	1166	1570
RUSSELL__KS	593	2553	3200
SALINE__KS	7040	13840	21496
SCOTT__KS	277	1728	2052
SEDGWICK__KS	71977	106506	182895
SEWARD__KS	1490	3617	5176
SHAWNEE__KS	36975	37782	76508
SHERIDAN__KS	168	1154	1342
SHERMAN__KS	577	1976	2623
SMITH__KS	358	1624	2023
STAFFORD__KS	404	1385	1839
STANTON__KS	143	605	759
STEVENS__KS	252	1749	2034
SUMNER__KS	2658	6260	9141
THOMAS__KS	598	2788	3474
TREGO__KS	291	1261	1579
WABAUNSEE__KS	918	2256	3267
WALLACE__KS	68	719	798
WASHINGTON__KS	524	2316	2889
WICHITA__KS	157	821	987
WILSON__KS	818	2825	3717
WOODSON__KS	380	1035	1447
WYANDOTTE__KS	34302	15496	50738
ADAIR__KY	1660	5841	7600
ALLEN__KY	1808	5184	7100
ANDERSON__KY	3315	6822	10320
BALLARD__KY	1189	2647	3895
BARREN__KY	5400	10922	16568
BATH__KY	1770	2275	4122
BELL__KY	2224	7127	9482
BOONE__KY	15629	35922	52511
BOURBON__KY	3075	4692	7923
BOYD__KY	7776	10884	19049
BOYLE__KY	4471	7703	12373
BRACKEN__KY	1147	2029	3232
BREATHITT__KY	1562	3318	5008
BRECKINRIDGE__KY	2825	5025	7969
BULLITT__KY	9971	21306	31779
BUTLER__KY	1293	3716	5060
CALDWELL__KY	1852	3904	5860
CALLOWAY__KY	5317	9440	15072
CAMPBELL__KY	15080	24240	40177
CARLISLE__KY	750	1835	2619
CARROLL__KY	1629	1999	3680
CARTER__KY	3383	5279	8908
CASEY__KY	1086	4904	6091
CHRISTIAN__KY	8252	13475	21955
CLARK__KY	5228	9931	15416
CLAY__KY	1111	6176	7383
CLINTON__KY	752	3569	4393
CRITTENDEN__KY	960	2839	3854
CUMBERLAND__KY	599	2216	2854
DAVIESS__KY	16208	25092	42087
EDMONSON__KY	1374	3232	4668
ELLIOTT__KY	1186	1126	2399
ESTILL__KY	1356	3749	5184
FAYETTE__KY	62080	60795	125866
FLEMING__KY	1911	3780	5782
FLOYD__KY	4733	9784	14890
FRANKLIN__KY	11535	11345	23337
FULTON__KY	1022	1425	2481
GALLATIN__KY	1238	1758	3061
GARRARD__KY	1661	5310	7077
GRANT__KY	2810	5664	8608
GRAVES__KY	4547	10699	15503
GRAYSON__KY	2744	6404	9271
GREEN__KY	1165	3634	4856
GREENUP__KY	6027	8855	15168
HANCOCK__KY	1833	2212	4134
HARDIN__KY	15214	23357	39218
HARLAN__KY	1830	8652	10657
HARRISON__KY	2471	4556	7163
HART__KY	2283	4257	6622
HENDERSON__KY	8091	10296	18622
HENRY__KY	2530	3940	6590
HICKMAN__KY	686	1431	2139
HOPKINS__KY	5789	13681	19767
JACKSON__KY	612	4365	5061
JEFFERSON__KY	186181	148423	339579
JESSAMINE__KY	6001	14233	20633
JOHNSON__KY	1723	7095	9035
KENTON__KY	24920	41389	67704
KNOTT__KY	1420	4130	5693
KNOX__KY	2484	8467	11100
LARUE__KY	1733	3911	5764
LAUREL__KY	3905	18151	22408
LAWRENCE__KY	1520	3995	5592
LEE__KY	595	1977	2623
LESLIE__KY	433	4439	4950
LETCHER__KY	1702	6811	8758
LEWIS__KY	1342	3326	4769
LINCOLN__KY	2582	6416	9152
LIVINGSTON__KY	1346	3089	4511
LOGAN__KY	3469	6899	10510
LYON__KY	1373	2412	3839
MCCRACKEN__KY	10062	19979	30551
MCCREARY__KY	1069	4564	5707
MCLEAN__KY	1432	2705	4200
MADISON__KY	11512	21128	33322
MAGOFFIN__KY	1433	3391	4906
MARION__KY	3418	3800	7318
MARSHALL__KY	5022	10402	15719
MARTIN__KY	574	3180	3824
MASON__KY	2592	4197	6881
MEADE__KY	4122	6606	10916
MENIFEE__KY	1048	1484	2598
MERCER__KY	2966	6820	9939
METCALFE__KY	1425	2676	4184
MONROE__KY	936	3762	4746
MONTGOMERY__KY	3701	6398	10248
MORGAN__KY	1369	3021	4472
MUHLENBERG__KY	4771	7762	12739
NELSON__KY	7611	10673	18533
NICHOLAS__KY	948	1583	2581
OHIO__KY	2987	6470	9646
OLDHAM__KY	9240	20179	29884
OWEN__KY	1501	2971	4557
OWSLEY__KY	283	1279	1580
PENDLETON__KY	1859	3556	5534
PERRY__KY	2047	8040	10241
PIKE__KY	5646	17590	23636
POWELL__KY	1620	2766	4481
PULASKI__KY	4976	20714	26003
ROBERTSON__KY	340	579	935
ROCKCASTLE__KY	1097	5028	6216
ROWAN__KY	3438	4035	7665
RUSSELL__KY	1445	6346	7909
SCOTT__KY	7532	12679	20573
SHELBY__KY	6634	11790	18663
SIMPSON__KY	2650	4355	7093
SPENCER__KY	2549	5726	8431
TAYLOR__KY	3285	7551	10950
TODD__KY	1403	3247	4718
TRIGG__KY	2115	4520	6742
TRIMBLE__KY	1355	2133	3543
UNION__KY	1942	3955	5979
WARREN__KY	16805	26384	43903
WASHINGTON__KY	1669	3495	5219
WAYNE__KY	1855	5289	7210
WEBSTER__KY	1765	3607	5470
WHITLEY__KY	2683	10232	13072
WOLFE__KY	976	1542	2559
WOODFORD__KY	4883	7219	12332
ACADIA__LA	6560	19931	26835
ALLEN__LA	2617	6495	9307
ASCENSION__LA	16349	33856	51073
ASSUMPTION__LA	4754	6083	10992
AVOYELLES__LA	6077	10670	17032
BEAUREGARD__LA	2828	11112	14225
BIENVILLE__LA	3490	3641	7203
BOSSIER__LA	12956	34988	48562
CADDO__LA	58042	52459	111765
CALCASIEU__LA	28359	51850	81726
CALDWELL__LA	1016	3640	4716
CAMERON__LA	408	3260	3744
CATAHOULA__LA	1408	2744	4193
CLAIBORNE__LA	3014	3649	6732
CONCORDIA__LA	3833	5450	9380
DE_SOTO__LA	5553	7353	13051
EAST_BATON_ROUGE__LA	102656	92292	198171
EAST_CARROLL__LA	2478	1508	4008
EAST_FELICIANA__LA	4648	5397	10209
EVANGELINE__LA	5330	10181	15770
FRANKLIN__LA	2921	6294	9336
GRANT__LA	1422	7082	8667
IBERIA__LA	12132	20892	33397
IBERVILLE__LA	9548	7271	17014
JACKSON__LA	2305	5132	7529
JEFFERSON__LA	70384	102536	176343
JEFFERSON_DAVIS__LA	3484	10014	13734
LAFAYETTE__LA	31768	64992	98642
LAFOURCHE__LA	9623	28592	39075
LASALLE__LA	764	5726	6572
LINCOLN__LA	7956	10739	18993
LIVINGSTON__LA	7451	45513	54062
MADISON__LA	3154	2000	5187
MOREHOUSE__LA	5888	6591	12614
NATCHITOCHES__LA	7942	9077	17258
ORLEANS__LA	126722	28003	157813
OUACHITA__LA	26645	40948	68474
PLAQUEMINES__LA	3599	6471	10239
POINTE_COUPEE__LA	5436	6548	12147
RAPIDES__LA	20045	37193	58019
RED_RIVER__LA	2253	2483	4807
RICHLAND__LA	3387	5846	9329
SABINE__LA	2194	7738	10053
ST__BERNARD__LA	5059	8501	13955
ST__CHARLES__LA	8896	15937	25333
ST__HELENA__LA	3780	2529	6394
ST__JAMES__LA	7059	5209	12395
ST__JOHN_THE_BAPTIST__LA	13179	7620	21123
ST__LANDRY__LA	19668	21475	41647
ST__MARTIN__LA	9422	15653	25433
ST__MARY__LA	9450	13885	23640
ST__TAMMANY__LA	25728	84723	112902
TANGIPAHOA__LA	17722	31590	50099
TENSAS__LA	1564	1230	2812
TERREBONNE__LA	12074	29503	42341
UNION__LA	3075	7561	10766
VERMILION__LA	5720	18910	24987
VERNON__LA	3173	12150	15610
WASHINGTON__LA	6466	11798	18581
WEBSTER__LA	6802	11400	18416
WEST_BATON_ROUGE__LA	5692	6922	12774
WEST_CARROLL__LA	853	3628	4548
WEST_FELICIANA__LA	2441	3257	5777
WINN__LA	1919	4541	6534
ANDROSCOGGIN__ME	28989	22232	52862
AROOSTOOK__ME	17777	15196	33860
CUMBERLAND__ME	101950	57821	163786
FRANKLIN__ME	9367	6369	16282
HANCOCK__ME	17569	12324	30799
KENNEBEC__ME	35068	26519	63497
KNOX__ME	13223	8248	22067
LINCOLN__ME	11315	8899	20757
OXFORD__ME	16330	11996	29420
PENOBSCOT__ME	38811	36547	77306
PISCATAQUIS__ME	4149	4530	8955
SAGADAHOC__ME	11821	8429	20794
SOMERSET__ME	12216	11800	24787
WALDO__ME	11296	9058	21061
WASHINGTON__ME	7803	7550	15836
YORK__ME	61551	43900	108057
ALLEGANY__MD	9805	19230	29850
ANNE_ARUNDEL__MD	126635	126832	260155
BALTIMORE_COUNTY__MD	220322	154908	384782
CALVERT__MD	20529	23952	45518
CAROLINE__MD	4970	8098	13357
CARROLL__MD	27939	56761	87536
CECIL__MD	16557	24806	42480
CHARLES__MD	48774	25178	75222
DORCHESTER__MD	7257	7976	15444
FREDERICK__MD	55146	58798	117115
GARRETT__MD	3124	9743	13157
HARFORD__MD	49729	72911	125954
HOWARD__MD	91393	57758	153108
KENT__MD	4842	4870	9904
MONTGOMERY__MD	323400	123353	455992
PRINCE_GEORGE_S__MD	347938	35734	387744
QUEEN_ANNE_S__MD	8556	15823	24888
ST_MARY_S__MD	19711	26797	47824
SOMERSET__MD	5240	5042	10399
TALBOT__MD	8808	11339	20459
WASHINGTON__MD	25042	36074	62755
WICOMICO__MD	19635	21764	42259
WORCESTER__MD	11014	15951	27420
BALTIMORE_CITY__MD	221478	28171	254005
BARNSTABLE__MA	70822	60446	133115
BERKSHIRE__MA	48843	14252	64486
BRISTOL__MA	142962	93752	241509
DUKES__MA	7978	2792	10968
ESSEX__MA	210302	150480	366357
FRANKLIN__MA	27072	9344	37758
HAMPDEN__MA	123619	73392	200399
HAMPSHIRE__MA	57359	21480	81621
MIDDLESEX__MA	471804	267321	754170
NANTUCKET__MA	3830	2187	6120
NORFOLK__MA	202714	148393	356523
PLYMOUTH__MA	131845	121086	256531
SUFFOLK__MA	223896	59999	289098
WORCESTER__MA	198244	163390	369112
ALCONA__MI	2472	3571	6104
ALGER__MI	2212	2330	4618
ALLEGAN__MI	20806	31123	52619
ALPENA__MI	6549	7298	14014
ANTRIM__MI	5107	7917	13195
ARENAC__MI	3669	4057	7841
BARAGA__MI	1574	1866	3490
BARRY__MI	11491	16655	28512
BAY__MI	27877	24911	53381
BENZIE__MI	4685	5075	9901
BERRIEN__MI	33465	38209	72497
BRANCH__MI	6913	10035	17147
CALHOUN__MI	29267	28333	58327
CASS__MI	9591	12659	22490
CHARLEVOIX__MI	5939	8000	14090
CHEBOYGAN__MI	5831	7286	13311
CHIPPEWA__MI	7100	8278	15564
CLARE__MI	6338	6988	13504
CLINTON__MI	18191	20650	39235
CRAWFORD__MI	2994	3744	6814
DELTA__MI	8330	9534	18050
DICKINSON__MI	4952	7688	12810
EATON__MI	27913	26197	54788
EMMET__MI	7225	10253	17709
GENESEE__MI	128978	71808	202933
GLADWIN__MI	5760	6661	12583
GOGEBIC__MI	4058	3444	7576
GRAND_TRAVERSE__MI	20875	26534	47999
GRATIOT__MI	7610	8241	16035
HILLSDALE__MI	7106	11727	19100
HOUGHTON__MI	6801	8196	15282
HURON__MI	6518	8806	15484
INGHAM__MI	80847	45306	127910
IONIA__MI	11018	14315	25761
IOSCO__MI	6242	6909	13344
IRON__MI	2687	3224	5988
ISABELLA__MI	13038	10800	24119
JACKSON__MI	32301	36298	69446
KALAMAZOO__MI	69051	52662	123178
KALKASKA__MI	3272	4901	8299
KENT__MI	133408	155925	292985
KEWEENAW__MI	582	774	1392
LAKE__MI	2752	2487	5287
LAPEER__MI	18796	23734	43115
LEELANAU__MI	6576	7483	14176
LENAWEE__MI	21776	22351	44724
LIVINGSTON__MI	37216	60083	98337
LUCE__MI	991	1580	2596
MACKINAC__MI	2652	3397	6099
MACOMB__MI	208016	191913	404086
MANISTEE__MI	6473	5737	12402
MARQUETTE__MI	18115	13606	32194
MASON__MI	6856	7580	14604
MECOSTA__MI	7515	9176	16913
MENOMINEE__MI	5242	5564	10923
MIDLAND__MI	17450	23919	41754
MISSAUKEE__MI	2274	4665	7027
MONROE__MI	36310	35593	72853
MONTCALM__MI	11430	13621	25431
MONTMORENCY__MI	2049	2928	5051
MUSKEGON__MI	44436	30884	76163
NEWAYGO__MI	8728	12457	21478
OAKLAND__MI	349002	296514	651607
OCEANA__MI	5063	6239	11450
OGEMAW__MI	4791	5437	10361
ONTONAGON__MI	1586	1906	3539
OSCEOLA__MI	3981	6141	10278
OSCODA__MI	1657	2308	4042
OTSEGO__MI	4681	7011	11832
OTTAWA__MI	42737	88166	132312
PRESQUE_ISLE__MI	3192	3794	7080
ROSCOMMON__MI	6198	6701	13032
SAGINAW__MI	54381	42720	98062
ST__CLAIR__MI	33983	39271	74181
ST__JOSEPH__MI	10112	12978	23341
SANILAC__MI	7212	10963	18369
SCHOOLCRAFT__MI	1865	2142	4048
SHIAWASSEE__MI	17197	15962	33679
TUSCOLA__MI	11425	14240	26003
VAN_BUREN__MI	16290	16141	32837
WASHTENAW__MI	120890	56412	179592
WAYNE__MI	595846	213814	815825
WEXFORD__MI	6184	8450	14853
AITKIN__MN	4412	4533	9142
ANOKA__MN	88614	93430	186465
BECKER__MN	6829	9204	16382
BELTRAMI__MN	11818	9637	22051
BENTON__MN	8173	10849	19619
BIG_STONE__MN	1345	1385	2789
BLUE_EARTH__MN	18164	14916	34274
BROWN__MN	5630	7938	13929
CARLTON__MN	11389	6586	18436
CARVER__MN	20745	31155	52899
CASS__MN	6858	8957	16141
CHIPPEWA__MN	3083	2967	6201
CHISAGO__MN	12524	16227	29441
CLAY__MN	15208	12920	28886
CLEARWATER__MN	1753	2359	4197
COOK__MN	1993	1221	3322
COTTONWOOD__MN	2433	3316	5862
CROW_WING__MN	14760	19415	34920
DAKOTA__MN	116255	109516	230821
DODGE__MN	4487	5522	10327
DOUGLAS__MN	8653	11884	20953
FARIBAULT__MN	3407	4104	7713
FILLMORE__MN	5713	4913	10892
FREEBORN__MN	9326	6969	16706
GOODHUE__MN	12212	12986	25801
GRANT__MN	1647	1748	3487
HENNEPIN__MN	423982	240073	680065
HOUSTON__MN	5281	4951	10446
HUBBARD__MN	4676	6622	11520
ISANTI__MN	8024	11675	20217
ITASCA__MN	12852	10501	23919
JACKSON__MN	2268	3044	5430
KANABEC__MN	3593	4328	8150
KANDIYOHI__MN	9805	11240	21465
KITTSON__MN	1241	1095	2420
KOOCHICHING__MN	3451	2841	6458
LAC_QUI_PARLE__MN	1974	1938	3984
LAKE__MN	4043	2610	6820
LAKE_OF_THE_WOODS__MN	859	1306	2234
LE_SUEUR__MN	6753	7715	14795
LINCOLN__MN	1429	1595	3120
LYON__MN	5465	6594	12388
MCLEOD__MN	6968	11069	18553
MAHNOMEN__MN	1276	871	2182
MARSHALL__MN	1998	2569	4698
MARTIN__MN	4054	6657	10968
MEEKER__MN	4969	6913	12214
MILLE_LACS__MN	5829	6951	13091
MORRISON__MN	6153	10159	16714
MOWER__MN	11129	6938	18539
MURRAY__MN	2160	2504	4767
NICOLLET__MN	9652	8214	18357
NOBLES__MN	3793	4581	8520
NORMAN__MN	1730	1384	3207
OLMSTED__MN	39338	36832	78316
OTTER_TAIL__MN	12165	18860	31670
PENNINGTON__MN	3024	3305	6517
PINE__MN	6750	6845	13965
PIPESTONE__MN	1725	2826	4646
POLK__MN	6773	7615	14693
POPE__MN	2981	3142	6246
RAMSEY__MN	184938	86800	278822
RED_LAKE__MN	928	978	1975
REDWOOD__MN	3008	4570	7790
RENVILLE__MN	3394	4149	7710
RICE__MN	17054	14384	32267
ROCK__MN	1946	2810	4846
ROSEAU__MN	2772	4409	7352
ST__LOUIS__MN	73378	39131	115594
SCOTT__MN	29712	40323	71647
SHERBURNE__MN	17597	27848	46509
SIBLEY__MN	2916	4693	7815
STEARNS__MN	33551	43015	78477
STEELE__MN	8706	9903	19124
STEVENS__MN	2742	2766	5652
SWIFT__MN	2751	2248	5119
TODD__MN	4819	6719	11803
TRAVERSE__MN	943	861	1847
WABASHA__MN	5415	6049	11763
WADENA__MN	2492	4143	6791
WASECA__MN	4370	5116	9747
WASHINGTON__MN	70203	69137	142133
WATONWAN__MN	2494	2517	5144
WILKIN__MN	1258	1884	3222
WINONA__MN	14980	11480	27232
WRIGHT__MN	25741	40466	67816
YELLOW_MEDICINE__MN	2465	2806	5414
ADAMS__MS	9061	6293	15447
ALCORN__MS	3511	11111	14830
AMITE__MS	3242	4414	7706
ATTALA__MS	3927	5126	9092
BENTON__MS	2051	2041	4116
BOLIVAR__MS	10582	4701	15428
CALHOUN__MS	2586	4412	7068
CARROLL__MS	2007	3960	5992
CHICKASAW__MS	4378	3994	8503
CHOCTAW__MS	1428	2812	4273
CLAIBORNE__MS	4838	625	5484
CLARKE__MS	3111	5049	8253
CLAY__MS	6712	4291	11072
COAHOMA__MS	7792	2712	10549
COPIAH__MS	7749	6282	14123
COVINGTON__MS	3878	5405	9348
DESOTO__MS	21575	43559	65794
FORREST__MS	13272	16574	30236
FRANKLIN__MS	1726	2735	4493
GEORGE__MS	1359	8376	9856
GREENE__MS	1325	4531	5922
GRENADA__MS	5288	5986	11335
HANCOCK__MS	3917	12964	17167
HARRISON__MS	23119	39470	63328
HINDS__MS	76112	29664	106491
HOLMES__MS	7812	1435	9288
HUMPHREYS__MS	3903	1293	5212
ISSAQUENA__MS	479	302	787
ITAWAMBA__MS	1706	7393	9318
JACKSON__MS	17299	35747	53655
JASPER__MS	5097	4193	9340
JEFFERSON__MS	3951	468	4433
JEFFERSON_DAVIS__MS	4267	2507	6864
JONES__MS	9211	20687	30159
KEMPER__MS	3239	1789	5052
LAFAYETTE__MS	8091	11075	19505
LAMAR__MS	5494	19101	24889
LAUDERDALE__MS	13814	18700	32777
LAWRENCE__MS	2468	4192	6698
LEAKE__MS	4079	4863	8983
LEE__MS	12563	22415	35306
LEFLORE__MS	9119	3587	12773
LINCOLN__MS	5471	10839	16414
LOWNDES__MS	13388	13518	27158
MADISON__MS	20722	28507	49571
MARION__MS	4393	8237	12729
MARSHALL__MS	9650	6473	16240
MONROE__MS	7056	9723	16918
MONTGOMERY__MS	2675	2947	5645
NESHOBA__MS	3089	7837	11015
NEWTON__MS	3319	6394	9777
NOXUBEE__MS	4920	1325	6264
OKTIBBEHA__MS	9095	8761	18117
PANOLA__MS	9079	7629	16826
PEARL_RIVER__MS	4366	17549	22224
PERRY__MS	1527	4137	5722
PIKE__MS	9650	8181	17974
PONTOTOC__MS	2804	9448	12411
PRENTISS__MS	2817	7075	10033
QUITMAN__MS	2837	1116	3979
RANKIN__MS	14988	48444	64145
SCOTT__MS	5031	6089	11202
SHARKEY__MS	1782	737	2532
SIMPSON__MS	4723	7424	12249
SMITH__MS	1979	6049	8099
STONE__MS	2003	5420	7532
SUNFLOWER__MS	8199	2929	11228
TALLAHATCHIE__MS	3959	2499	6503
TATE__MS	4933	7332	12406
TIPPAH__MS	2317	6717	9164
TISHOMINGO__MS	1643	6133	7936
TUNICA__MS	3475	883	4382
UNION__MS	2742	8498	11365
WALTHALL__MS	3422	4051	7551
WARREN__MS	10786	10457	21391
WASHINGTON__MS	13981	5651	19715
WAYNE__MS	4148	6111	10332
WEBSTER__MS	1190	3992	5234
WILKINSON__MS	3412	1415	4853
WINSTON__MS	4607	5168	9829
YALOBUSHA__MS	3030	3276	6354
YAZOO__MS	6603	4941	11620
ADAIR__MO	4219	5651	10126
ANDREW__MO	2649	5457	8306
ATCHISON__MO	756	1902	2709
AUDRAIN__MO	3539	6186	9952
BARRY__MO	3667	9832	13806
BARTON__MO	1230	4418	5746
BATES__MO	2557	5020	7771
BENTON__MO	2925	6069	9157
BOLLINGER__MO	1213	4095	5456
BOONE__MO	39847	37404	79422
BUCHANAN__MO	15594	18660	35106
BUTLER__MO	4363	12248	16889
CALDWELL__MO	1312	2721	4167
CALLAWAY__MO	6071	11745	18232
CAMDEN__MO	6458	15092	21945
CAPE_GIRARDEAU__MO	9728	25370	35716
CARROLL__MO	1154	3072	4304
CARTER__MO	754	1978	2799
CASS__MO	17044	30912	48913
CEDAR__MO	1537	4376	6045
CHARITON__MO	1339	2402	3821
CHRISTIAN__MO	9813	27473	37964
CLARK__MO	1398	1730	3225
CLAY__MO	47310	56191	105589
CLINTON__MO	3688	5931	9861
COLE__MO	12005	24490	37062
COOPER__MO	2474	4887	7511
CRAWFORD__MO	2951	6434	9579
DADE__MO	939	2895	3896
DALLAS__MO	2122	4992	7279
DAVIESS__MO	1125	2290	3521
DEKALB__MO	1194	3056	4350
DENT__MO	1585	4883	6643
DOUGLAS__MO	1710	4649	6557
DUNKLIN__MO	3636	6850	10651
FRANKLIN__MO	16347	29396	46755
GASCONADE__MO	2099	4895	7134
GENTRY__MO	937	1988	2999
GREENE__MO	46219	76900	125848
GRUNDY__MO	1212	3030	4374
HARRISON__MO	984	2624	3695
HENRY__MO	3606	6229	10123
HICKORY__MO	1733	2835	4680
HOLT__MO	551	1725	2310
HOWARD__MO	1723	3017	4867
HOWELL__MO	4395	11544	16346
IRON__MO	1669	2252	4031
JACKSON__MO	78283	93199	174764
JASPER__MO	12809	31349	45218
JEFFERSON__MO	41564	53978	97611
JOHNSON__MO	7667	12763	21021
KNOX__MO	698	1205	1957
LACLEDE__MO	4093	10934	15362
LAFAYETTE__MO	5655	9803	15795
LAWRENCE__MO	4017	11421	15755
LEWIS__MO	1508	2677	4279
LINCOLN__MO	7734	14332	22652
LINN__MO	2041	3344	5550
LIVINGSTON__MO	1906	4006	6054
MCDONALD__MO	1920	5694	7817
MACON__MO	2309	4701	7160
MADISON__MO	1588	3227	4930
MARIES__MO	1299	3165	4538
MARION__MO	4031	7923	12158
MERCER__MO	353	1255	1655
MILLER__MO	2651	8099	11019
MISSISSIPPI__MO	1858	2997	4920
MONITEAU__MO	1608	4704	6443
MONROE__MO	1398	2564	4057
MONTGOMERY__MO	1740	3490	5327
MORGAN__MO	2773	5733	8688
NEW_MADRID__MO	2814	4284	7250
NEWTON__MO	6425	18181	25083
NODAWAY__MO	3172	5593	8976
OREGON__MO	1419	2886	4421
OSAGE__MO	1473	5329	6919
OZARK__MO	1261	3080	4453
PEMISCOT__MO	2671	3598	6335
PERRY__MO	2184	5669	7987
PETTIS__MO	5904	10842	17175
PHELPS__MO	5798	11895	18190
PIKE__MO	2582	4577	7321
PLATTE__MO	19175	25618	45552
POLK__MO	3580	9252	13119
PULASKI__MO	4199	9092	13571
PUTNAM__MO	587	1673	2309
RALLS__MO	1736	3231	5036
RANDOLPH__MO	3031	6667	9944
RAY__MO	4275	5815	10367
REYNOLDS__MO	1157	1931	3202
RIPLEY__MO	1396	3743	5263
ST__CHARLES__MO	71838	110784	185690
ST__CLAIR__MO	1460	3019	4626
SAINTE_GENEVIEVE__MO	3813	4055	8070
ST__FRANCOIS__MO	8829	13248	22582
ST__LOUIS_CO___MO	297097	224742	528676
SALINE__MO	3790	5104	9108
SCHUYLER__MO	697	1174	1939
SCOTLAND__MO	643	1246	1936
SCOTT__MO	5122	11623	16999
SHANNON__MO	1302	2262	3692
SHELBY__MO	966	2188	3232
STODDARD__MO	3153	9496	12866
STONE__MO	3923	11787	15984
SULLIVAN__MO	908	1610	2595
TANEY__MO	5479	15746	21659
TEXAS__MO	2871	7618	10764
VERNON__MO	2580	5758	8521
WARREN__MO	5219	9150	14676
WASHINGTON__MO	3417	5071	8695
WAYNE__MO	1813	3790	5720
WEBSTER__MO	4409	10708	15429
WORTH__MO	341	664	1048
WRIGHT__MO	1953	5830	7955
ST__LOUIS__MO	118780	22943	143607
BEAVERHEAD__MT	1371	3289	4812
BIG_HORN__MT	2882	1667	4626
BLAINE__MT	1616	1178	2859
BROADWATER__MT	764	2152	3011
CARBON__MT	2146	3533	5846
CARTER__MT	96	678	794
CASCADE__MT	15232	18345	34564
CHOUTEAU__MT	978	1758	2821
CUSTER__MT	1833	3373	5365
DANIELS__MT	237	740	1007
DAWSON__MT	1219	3029	4423
DEER_LODGE__MT	2860	1448	4460
FALLON__MT	237	1128	1405
FERGUS__MT	1640	4257	6071
FLATHEAD__MT	13892	28309	43476
GALLATIN__MT	21961	24358	47882
GARFIELD__MT	66	622	700
GLACIER__MT	2924	1415	4452
GOLDEN_VALLEY__MT	110	351	479
GRANITE__MT	533	1107	1705
HILL__MT	3403	3164	6820
JEFFERSON__MT	2272	4055	6520
JUDITH_BASIN__MT	337	854	1215
LAKE__MT	5805	7135	13304
LEWIS_AND_CLARK__MT	15620	16803	33318
LIBERTY__MT	257	702	988
LINCOLN__MT	2552	6057	8889
MCCONE__MT	223	745	993
MADISON__MT	1289	3130	4530
MEAGHER__MT	269	670	972
MINERAL__MT	700	1216	2017
MISSOULA__MT	32824	22652	57192
MUSSELSHELL__MT	492	1833	2407
PARK__MT	3783	4709	8768
PETROLEUM__MT	49	240	298
PHILLIPS__MT	471	1688	2228
PONDERA__MT	975	1673	2719
POWDER_RIVER__MT	170	833	1027
POWELL__MT	888	1806	2776
PRAIRIE__MT	167	520	703
RAVALLI__MT	7285	14307	22206
RICHLAND__MT	1002	3510	4645
ROOSEVELT__MT	2086	1514	3672
ROSEBUD__MT	1422	2004	3523
SANDERS__MT	1720	3980	5901
SHERIDAN__MT	665	1207	1928
SILVER_BOW__MT	10857	5430	16756
STILLWATER__MT	1248	3337	4702
SWEET_GRASS__MT	475	1594	2117
TETON__MT	1082	2113	3281
TOOLE__MT	582	1440	2102
TREASURE__MT	114	319	455
VALLEY__MT	1385	2337	3859
WHEATLAND__MT	272	693	992
WIBAUX__MT	98	421	544
YELLOWSTONE__MT	26403	40500	68807
ADAMS__NE	4062	8316	12670
ANTELOPE__NE	571	2596	3232
ARTHUR__NE	30	227	262
BANNER__NE	55	346	411
BLAINE__NE	29	268	303
BOONE__NE	615	2138	2806
BOX_BUTTE__NE	1692	2869	4705
BOYD__NE	188	873	1071
BROWN__NE	224	1302	1555
BUFFALO__NE	5365	13570	19453
BURT__NE	1291	2029	3375
BUTLER__NE	1045	2738	3859
CASS__NE	4367	7556	12180
CEDAR__NE	958	3278	4334
CHASE__NE	254	1584	1867
CHERRY__NE	436	2557	3064
CHEYENNE__NE	1084	3449	4649
CLAY__NE	667	2232	2947
COLFAX__NE	969	2051	3069
CUMING__NE	1031	2876	3976
CUSTER__NE	1083	4296	5498
DAKOTA__NE	2922	3094	6136
DAWES__NE	1132	2478	3728
DAWSON__NE	2199	5460	7859
DEUEL__NE	215	763	1017
DIXON__NE	870	1745	2686
DODGE__NE	5673	8995	14950
DOUGLAS__NE	106456	113220	223927
DUNDY__NE	176	792	985
FILLMORE__NE	807	2007	2879
FRANKLIN__NE	384	1112	1536
FRONTIER__NE	271	1007	1305
FURNAS__NE	423	1782	2240
GAGE__NE	3903	5513	9661
GARDEN__NE	242	829	1091
GARFIELD__NE	149	769	940
GOSPER__NE	230	734	978
GRANT__NE	30	322	363
GREELEY__NE	340	820	1185
HALL__NE	7161	12646	20229
HAMILTON__NE	1146	3600	4871
HARLAN__NE	354	1395	1778
HAYES__NE	51	476	539
HITCHCOCK__NE	274	1178	1495
HOLT__NE	882	3922	4939
HOOKER__NE	59	330	395
HOWARD__NE	914	1890	2870
JEFFERSON__NE	1195	2166	3446
JOHNSON__NE	790	1225	2063
KEARNEY__NE	773	2349	3180
KEITH__NE	928	3044	4058
KEYA_PAHA__NE	80	393	484
KIMBALL__NE	395	1235	1687
KNOX__NE	1059	2885	4036
LANCASTER__NE	62015	62434	127355
LINCOLN__NE	4450	10728	15655
LOGAN__NE	68	356	431
LOUP__NE	62	290	358
MCPHERSON__NE	41	237	291
MADISON__NE	3485	10062	13885
MERRICK__NE	925	2490	3489
MORRILL__NE	455	1681	2190
NANCE__NE	481	1106	1621
NEMAHA__NE	1128	2012	3214
NUCKOLLS__NE	568	1574	2191
OTOE__NE	2561	4258	6982
PAWNEE__NE	400	899	1341
PERKINS__NE	238	1135	1394
PHELPS__NE	880	3400	4380
PIERCE__NE	637	2707	3431
PLATTE__NE	3148	10061	13473
POLK__NE	528	1890	2457
RED_WILLOW__NE	952	3891	4936
RICHARDSON__NE	1191	2443	3739
ROCK__NE	103	672	789
SALINE__NE	2289	2557	4958
SARPY__NE	26671	43213	71490
SAUNDERS__NE	3307	6770	10312
SCOTTS_BLUFF__NE	4327	9648	14287
SEWARD__NE	2386	5003	7573
SHERIDAN__NE	390	2021	2472
SHERMAN__NE	552	927	1530
SIOUX__NE	101	624	739
STANTON__NE	614	1949	2644
THAYER__NE	728	1874	2659
THOMAS__NE	42	360	408
THURSTON__NE	1247	939	2215
VALLEY__NE	498	1657	2195
WASHINGTON__NE	3132	6899	10246
WAYNE__NE	1074	2493	3682
WEBSTER__NE	442	1258	1742
WHEELER__NE	93	345	448
YORK__NE	1373	4874	6355
CHURCHILL__NV	2961	7061	10265
CLARK__NV	389936	289053	691190
DOUGLAS__NV	9297	16276	26075
ELKO__NV	3511	12014	15986
ESMERALDA__NV	92	317	435
EUREKA__NV	107	663	808
HUMBOLDT__NV	1737	3810	5744
LANDER__NV	534	1580	2165
LINCOLN__NV	400	1691	2152
LYON__NV	7380	13520	21465
MINERAL__NV	863	1080	2035
NYE__NV	6320	10566	17522
PERSHING__NV	632	1167	1884
STOREY__NV	920	1321	2314
WASHOE__NV	95409	88453	187855
WHITE_PINE__NV	983	2601	3704
CARSON_CITY__NV	10291	12394	23319
BELKNAP__NH	15890	17571	33886
CARROLL__NH	13977	14207	28592
CHESHIRE__NH	25380	15156	41363
COOS__NH	9095	6342	15702
GRAFTON__NH	29826	18208	49005
HILLSBOROUGH__NH	102303	99991	205672
MERRIMACK__NH	44756	34524	80498
ROCKINGHAM__NH	80142	87921	170419
STRAFFORD__NH	36026	26729	63960
SULLIVAN__NH	12166	9269	21834
ATLANTIC__NJ	65600	46522	113179
BERGEN__NJ	212754	169070	385407
BURLINGTON__NJ	126377	87401	215936
CAMDEN__NJ	153682	69476	225428
CAPE_MAY__NJ	21657	25781	47931
CUMBERLAND__NJ	34055	20658	55292
ESSEX__NJ	236618	64406	303019
GLOUCESTER__NJ	74013	59456	135186
HUDSON__NJ	153108	42369	197504
HUNTERDON__NJ	26876	38687	66494
MERCER__NJ	104377	47355	153511
MIDDLESEX__NJ	190555	107310	301315
MONMOUTH__NJ	133145	147513	283978
MORRIS__NJ	100146	124947	227392
OCEAN__NJ	102300	146474	251275
PASSAIC__NJ	115926	64523	181988
SALEM__NJ	14719	14334	29501
SOMERSET__NJ	74592	66603	142922
SUSSEX__NJ	26104	40625	67933
UNION__NJ	139752	68314	209831
WARREN__NJ	18745	25744	45270
BERNALILLO__NM	150739	106408	270969
CATRON__NM	560	1494	2123
CHAVES__NM	6604	13088	20292
CIBOLA__NM	4961	2998	8243
COLFAX__NM	2828	2699	5764
CURRY__NM	4022	9251	13625
DE_BACA__NM	287	586	902
DONA_ANA__NM	37139	27322	66423
EDDY__NM	6142	12583	19269
GRANT__NM	7090	5358	12902
GUADALUPE__NM	1488	557	2135
HARDING__NM	260	327	601
HIDALGO__NM	995	899	1935
LEA__NM	4080	12548	17015
LINCOLN__NM	2942	5961	9242
LOS_ALAMOS__NM	5191	4796	10654
LUNA__NM	3583	3670	7500
MCKINLEY__NM	15841	5546	21929
MORA__NM	1955	595	2611
OTERO__NM	6829	12451	20012
QUAY__NM	1383	2202	3707
RIO_ARRIBA__NM	11465	3397	15343
ROOSEVELT__NM	1727	4043	5969
SANDOVAL__NM	27236	24387	54079
SAN_JUAN__NM	15855	28849	46237
SAN_MIGUEL__NM	8850	2303	11509
SANTA_FE__NM	50872	15500	69245
SIERRA__NM	1964	2928	5102
SOCORRO__NM	4058	2722	7193
TAOS__NM	11978	2730	15339
TORRANCE__NM	2428	3529	6402
UNION__NM	472	1236	1759
VALENCIA__NM	13511	12825	27728
KANSAS__MO	105670	29509	136802
ALBANY__NY	83978	40210	135766
ALLEGANY__NY	5866	9377	16953
BRONX__NY	334600	26680	370894
BROOME__NY	39971	34708	81565
CATTARAUGUS__NY	12040	14655	29767
CAYUGA__NY	16105	11646	31169
CHAUTAUQUA__NY	22463	24266	52852
CHEMUNG__NY	16205	16138	35010
CHENANGO__NY	8642	8922	19314
CLINTON__NY	18072	9892	30656
COLUMBIA__NY	15241	10600	29129
CORTLAND__NY	9965	7859	19624
DELAWARE__NY	7881	9086	18638
DUTCHESS__NY	62063	48264	123705
ERIE__NY	227325	149683	414195
ESSEX__NY	9368	6076	16717
FRANKLIN__NY	9532	5231	15934
FULTON__NY	8331	9830	19799
GENESEE__NY	9092	12814	24746
GREENE__NY	8384	9737	20472
HAMILTON__NY	1092	1771	3122
HERKIMER__NY	10826	12166	25040
JEFFERSON__NY	16231	16435	35708
KINGS__NY	580225	112957	730534
LEWIS__NY	4530	5129	10522
LIVINGSTON__NY	11100	12641	26770
MADISON__NY	13231	12011	28094
MONROE__NY	185916	114434	333813
MONTGOMERY__NY	8106	8046	18186
NASSAU__NY	294661	237862	568151
NEW_YORK__NY	486172	84810	597227
NIAGARA__NY	41837	38158	89013
ONEIDA__NY	39031	40532	86700
ONONDAGA__NY	117470	69357	204717
ONTARIO__NY	22065	20919	47853
ORANGE__NY	70742	58003	140628
ORLEANS__NY	5505	7585	14706
OSWEGO__NY	22178	17610	44591
OTSEGO__NY	11530	10451	24139
PUTNAM__NY	18539	20925	44345
QUEENS__NY	461391	108864	595073
RENSSELAER__NY	35373	24903	67990
RICHMOND__NY	75557	66916	154169
ROCKLAND__NY	63908	51976	124442
ST__LAWRENCE__NY	20488	13543	37191
SARATOGA__NY	50998	44915	105510
SCHENECTADY__NY	35330	22952	64933
SCHOHARIE__NY	5119	6497	13207
SCHUYLER__NY	3444	3798	8146
SENECA__NY	6715	5244	13266
STEUBEN__NY	15015	20163	38531
SUFFOLK__NY	287519	243258	586258
SULLIVAN__NY	14612	11347	28415
TIOGA__NY	8544	11160	21601
TOMPKINS__NY	24872	10191	39670
ULSTER__NY	43837	25572	78315
WARREN__NY	14276	12925	29578
WASHINGTON__NY	10993	9793	23095
WAYNE__NY	15732	17248	37547
WESTCHESTER__NY	234778	131139	388447
WYOMING__NY	5357	9248	16335
YATES__NY	4259	4269	9442
ALAMANCE__NC	28875	38170	67776
ALEXANDER__NC	4611	12253	17196
ALLEGHANY__NC	1583	3390	5067
ANSON__NC	7019	4166	11256
ASHE__NC	4116	8242	12610
AVERY__NC	1882	5766	7759
BEAUFORT__NC	9435	13977	23620
BERTIE__NC	6695	3387	10123
BLADEN__NC	8062	7748	15957
BRUNSWICK__NC	22038	34743	57362
BUNCOMBE__NC	70625	54701	127696
BURKE__NC	13701	22267	36544
CABARRUS__NC	32849	49557	83566
CALDWELL__NC	10898	23229	34732
CAMDEN__NC	1508	3109	4704
CARTERET__NC	10301	24775	35517
CASWELL__NC	5348	5594	11039
CATAWBA__NC	24069	44538	69601
CHATHAM__NC	18361	16665	35434
CHEROKEE__NC	3378	9278	12867
CHOWAN__NC	3556	3891	7505
CLAY__NC	1579	3973	5642
CLEVELAND__NC	17062	25793	43340
COLUMBUS__NC	11050	12941	24243
CRAVEN__NC	18763	26928	46170
CUMBERLAND__NC	75792	50666	127641
CURRITUCK__NC	3562	7496	11304
DARE__NC	7393	10248	17974
DAVIDSON__NC	20624	49383	70935
DAVIE__NC	5735	14687	20670
DUPLIN__NC	9033	11416	20592
DURHAM__NC	111224	33769	146735
EDGECOMBE__NC	18310	8546	26972
FORSYTH__NC	92323	79768	174069
FRANKLIN__NC	13436	14603	28389
GASTON__NC	33171	56138	90483
GATES__NC	2786	2564	5396
GRAHAM__NC	1119	2750	3947
GRANVILLE__NC	13598	12405	26275
GREENE__NC	3778	4411	8236
GUILFORD__NC	146365	104789	253852
HALIFAX__NC	17176	8763	26079
HARNETT__NC	17331	25565	43415
HAYWOOD__NC	11833	15633	27974
HENDERSON__NC	18642	32994	52392
HERTFORD__NC	7843	3007	10918
HOKE__NC	10076	6819	17089
HYDE__NC	1163	1193	2383
IREDELL__NC	26076	49299	76365
JACKSON__NC	8095	8254	16701
JOHNSTON__NC	27290	48427	76691
JONES__NC	2352	2837	5230
LEE__NC	10801	13158	24239
LENOIR__NC	13948	13980	28086
LINCOLN__NC	11024	25267	36775
MCDOWELL__NC	6031	11775	18099
MACON__NC	5712	10835	16861
MADISON__NC	4484	5404	10113
MARTIN__NC	6583	5995	12652
MECKLENBURG__NC	272262	171668	448900
MITCHELL__NC	1838	5806	7765
MONTGOMERY__NC	4706	6404	11231
MOORE__NC	16505	29495	46415
NASH__NC	24313	23842	48492
NEW_HANOVER__NC	48668	53385	103628
NORTHAMPTON__NC	7232	3483	10756
ONSLOW__NC	18490	32243	51435
ORANGE__NC	53901	21539	76757
PAMLICO__NC	2647	4051	6762
PASQUOTANK__NC	10282	7633	18107
PENDER__NC	9632	14617	24527
PERQUIMANS__NC	2759	3822	6652
PERSON__NC	8418	10496	19106
PITT__NC	41843	36214	78856
POLK__NC	4013	6236	10389
RANDOLPH__NC	14773	45160	60715
RICHMOND__NC	9904	9332	19417
ROBESON__NC	24988	17510	42946
ROCKINGHAM__NC	16351	25227	42020
ROWAN__NC	22650	38775	62312
RUTHERFORD__NC	9374	18954	28702
SAMPSON__NC	11566	14422	26174
SCOTLAND__NC	8215	5831	14156
STANLY__NC	8431	19904	28717
STOKES__NC	6018	15237	21619
SURRY__NC	9112	19923	29470
SWAIN__NC	2618	2976	5728
TRANSYLVANIA__NC	6826	9634	16763
TYRRELL__NC	837	930	1783
UNION__NC	32473	61107	94728
VANCE__NC	13323	7429	20854
WAKE__NC	267262	211596	486427
WARREN__NC	6978	3140	10162
WASHINGTON__NC	3833	2622	6499
WATAUGA__NC	13002	13861	27674
WAYNE__NC	23314	27641	51352
WILKES__NC	8148	20515	29145
WILSON__NC	20875	17954	39109
YADKIN__NC	3957	12578	16813
YANCEY__NC	3981	5278	9451
ADAMS__ND	328	918	1286
BARNES__ND	2394	2964	5522
BENSON__ND	1235	868	2157
BILLINGS__ND	89	472	578
BOTTINEAU__ND	1183	2280	3555
BOWMAN__ND	414	1280	1737
BURKE__ND	230	769	1023
BURLEIGH__ND	14122	27951	43387
CASS__ND	34712	36855	73855
CAVALIER__ND	818	1195	2069
DICKEY__ND	853	1610	2535
DIVIDE__ND	385	733	1162
DUNN__ND	508	1506	2034
EDDY__ND	486	634	1157
EMMONS__ND	383	1435	1884
FOSTER__ND	607	1030	1682
GOLDEN_VALLEY__ND	162	742	928
GRAND_FORKS__ND	14032	15060	30029
GRANT__ND	334	1025	1413
GRIGGS__ND	536	771	1343
HETTINGER__ND	313	1000	1362
KIDDER__ND	393	870	1328
LAMOURE__ND	740	1377	2194
LOGAN__ND	232	810	1073
MCHENRY__ND	943	1678	2712
MCINTOSH__ND	459	1035	1530
MCKENZIE__ND	927	2458	3451
MCLEAN__ND	1670	3141	4938
MERCER__ND	1166	3152	4455
MORTON__ND	4469	8680	13613
MOUNTRAIL__ND	1403	1962	3457
NELSON__ND	767	865	1678
OLIVER__ND	281	693	1013
PEMBINA__ND	1253	1899	3255
PIERCE__ND	660	1465	2178
RAMSEY__ND	2164	2665	4999
RANSOM__ND	1343	1009	2425
RENVILLE__ND	398	851	1278
RICHLAND__ND	3198	4229	7613
ROLETTE__ND	3353	1092	4552
SARGENT__ND	1075	879	2007
SHERIDAN__ND	163	642	822
SIOUX__ND	900	225	1144
SLOPE__ND	83	341	437
STARK__ND	2812	8521	11633
STEELE__ND	518	498	1042
STUTSMAN__ND	3585	5685	9558
TOWNER__ND	516	623	1182
TRAILL__ND	1811	1996	3921
WALSH__ND	2124	2813	5096
WARD__ND	8441	16230	25463
WELLS__ND	673	1654	2379
WILLIAMS__ND	2322	7184	9808
ADAMS__OH	3976	6865	11089
ALLEN__OH	17913	29502	48235
ASHLAND__OH	8281	15519	24330
ASHTABULA__OH	23803	18298	43064
ATHENS__OH	18307	8543	27638
AUGLAIZE__OH	5831	17169	23405
BELMONT__OH	14156	16758	31564
BROWN__OH	7107	11916	19392
BUTLER__OH	62388	105176	170191
CARROLL__OH	5543	7315	13262
CHAMPAIGN__OH	7044	11045	18421
CLARK__OH	31298	31816	64144
CLERMONT__OH	30458	64208	96273
CLINTON__OH	5791	12009	18144
COLUMBIANA__OH	19821	25251	46051
COSHOCTON__OH	6940	8390	15739
CRAWFORD__OH	7507	11852	19803
CUYAHOGA__OH	447232	190651	644281
DARKE__OH	6826	18108	25401
DEFIANCE__OH	7732	10176	18288
DELAWARE__OH	37292	60194	98761
ERIE__OH	21793	16952	39405
FAIRFIELD__OH	29890	41034	72068
FAYETTE__OH	4249	6620	11020
FRANKLIN__OH	346336	215987	570983
FULTON__OH	9073	11738	21268
GALLIA__OH	4557	7750	12595
GEAUGA__OH	19659	30589	50997
GREENE__OH	32256	49819	83490
GUERNSEY__OH	7450	8993	16814
HAMILTON__OH	219927	193326	418894
HANCOCK__OH	12564	22443	35694
HARDIN__OH	4619	7489	12449
HARRISON__OH	2950	4019	7141
HENRY__OH	5658	8257	14236
HIGHLAND__OH	6049	11410	17839
HOCKING__OH	6157	6285	12728
HOLMES__OH	2608	8702	11536
HURON__OH	11006	13060	24663
JACKSON__OH	5166	7904	13381
JEFFERSON__OH	15385	17034	33069
KNOX__OH	10470	17266	28388
LAKE__OH	57680	58744	118404
LAWRENCE__OH	10744	14651	25833
LICKING__OH	34201	45503	81390
LOGAN__OH	7062	13633	21137
LORAIN__OH	81464	59405	143253
LUCAS__OH	136616	69940	210218
MADISON__OH	6845	10342	17517
MAHONING__OH	77059	42641	121310
MARION__OH	12504	14265	27352
MEDINA__OH	38785	50418	90783
MEIGS__OH	4027	5895	10218
MERCER__OH	4745	16561	21661
MIAMI__OH	16383	34606	51936
MONROE__OH	3035	3548	6782
MONTGOMERY__OH	137139	124841	266278
MORGAN__OH	2814	3179	6129
MORROW__OH	5933	9865	16184
MUSKINGUM__OH	17001	19264	37085
NOBLE__OH	2131	3563	5872
OTTAWA__OH	11503	10538	22456
PAULDING__OH	3538	5354	9128
PERRY__OH	7033	7627	14984
PICKAWAY__OH	9684	14037	24123
PIKE__OH	5684	5685	11581
PORTAGE__OH	39453	35242	76239
PREBLE__OH	6211	13535	20169
PUTNAM__OH	4318	13721	18372
RICHLAND__OH	22687	33867	57715
ROSS__OH	14569	15008	30083
SANDUSKY__OH	14541	13755	28994
SCIOTO__OH	15077	15492	31161
SENECA__OH	11353	13243	25262
SHELBY__OH	6343	17142	23866
STARK__OH	89432	88581	181477
SUMMIT__OH	153037	111000	267711
TRUMBULL__OH	61672	38279	101719
TUSCARAWAS__OH	18407	22242	41613
UNION__OH	8805	16289	25567
VAN_WERT__OH	4029	9585	13866
VINTON__OH	2436	2856	5467
WARREN__OH	32909	76561	111004
WASHINGTON__OH	11651	17284	29499
WAYNE__OH	19808	30251	51064
WILLIAMS__OH	7266	10047	17706
WOOD__OH	32802	29704	63948
WYANDOT__OH	4137	6180	10572
ADAIR__OK	2127	4381	6508
ALFALFA__OK	322	1761	2083
ATOKA__OK	1243	3538	4781
BEAVER__OK	244	2062	2306
BECKHAM__OK	1417	5508	6925
BLAINE__OK	992	2824	3816
BRYAN__OK	3681	9520	13201
CADDO__OK	3164	5687	8851
CANADIAN__OK	10537	35625	46162
CARTER__OK	4908	12214	17122
CHEROKEE__OK	6144	8162	14306
CHOCTAW__OK	1494	3572	5066
CIMARRON__OK	115	1082	1197
CLEVELAND__OK	34771	59116	93887
COAL__OK	649	1710	2359
COMANCHE__OK	12521	17664	30185
COTTON__OK	657	1796	2453
CRAIG__OK	1747	3559	5306
CREEK__OK	7128	18986	26114
CUSTER__OK	2359	7446	9805
DELAWARE__OK	4196	10080	14276
DEWEY__OK	301	1792	2093
ELLIS__OK	226	1575	1801
GARFIELD__OK	4733	15177	19910
GARVIN__OK	2559	6925	9484
GRADY__OK	4786	14833	19619
GRANT__OK	393	1675	2068
GREER__OK	488	1344	1832
HARMON__OK	264	659	923
HARPER__OK	173	1261	1434
HASKELL__OK	1175	3069	4244
HUGHES__OK	1370	2838	4208
JACKSON__OK	1954	5965	7919
JEFFERSON__OK	605	1634	2239
JOHNSTON__OK	1137	2649	3786
KAY__OK	4627	11499	16126
KINGFISHER__OK	898	4870	5768
KIOWA__OK	1106	2316	3422
LATIMER__OK	1170	2628	3798
LE_FLORE__OK	4662	11177	15839
LINCOLN__OK	3273	9553	12826
LOGAN__OK	4724	12314	17038
LOVE__OK	1034	2436	3470
MCCLAIN__OK	3194	11112	14306
MCCURTAIN__OK	2440	7635	10075
MCINTOSH__OK	2779	4509	7288
MAJOR__OK	446	2700	3146
MARSHALL__OK	1396	3744	5140
MAYES__OK	4823	9637	14460
MURRAY__OK	1540	3606	5146
MUSKOGEE__OK	9952	13404	23356
NOBLE__OK	1143	3488	4631
NOWATA__OK	1244	2832	4076
OKFUSKEE__OK	1256	2335	3591
OKLAHOMA__OK	106982	149728	256710
OKMULGEE__OK	5432	7731	13163
OSAGE__OK	6704	11242	17946
OTTAWA__OK	3509	6466	9975
PAWNEE__OK	1813	4232	6045
PAYNE__OK	9198	16481	25679
PITTSBURG__OK	4831	10841	15672
PONTOTOC__OK	3947	8945	12892
POTTAWATOMIE__OK	7188	16250	23438
PUSHMATAHA__OK	1043	3087	4130
ROGER_MILLS__OK	272	1402	1674
ROGERS__OK	9148	27553	36701
SEMINOLE__OK	2600	4856	7456
SEQUOYAH__OK	4193	9578	13771
STEPHENS__OK	3939	12908	16847
TEXAS__OK	862	4930	5792
TILLMAN__OK	906	1815	2721
TULSA__OK	82744	145062	227806
WAGONER__OK	7791	20900	28691
WASHINGTON__OK	5532	15668	21200
WASHITA__OK	822	3494	4316
WOODS__OK	671	2727	3398
WOODWARD__OK	1133	5945	7078
BAKER__OR	2369	5702	8448
BENTON__OR	27776	14991	44802
CLACKAMAS__OR	95493	88592	189332
CLATSOP__OR	9861	7249	17818
COLUMBIA__OR	12004	10772	23875
COOS__OR	12845	14673	28686
CROOK__OR	3104	6790	10230
CURRY__OR	4625	6598	11678
DESCHUTES__OR	36961	42463	81900
DOUGLAS__OR	17145	30776	49803
GILLIAM__OR	371	639	1061
GRANT__OR	853	2926	3911
HARNEY__OR	832	2607	3583
HOOD_RIVER__OR	6058	3429	9838
JACKSON__OR	44468	49020	97127
JEFFERSON__OR	3301	4642	8175
JOSEPHINE__OR	14953	23673	40238
KLAMATH__OR	8302	18898	28152
LAKE__OR	770	2808	3710
LANE__OR	102652	62509	171850
LINCOLN__OR	13401	8686	22984
LINN__OR	20378	28944	51426
MALHEUR__OR	2759	6851	9956
MARION__OR	56376	60190	120376
MORROW__OR	1202	2532	3882
MULTNOMAH__OR	274887	75302	364722
POLK__OR	16292	17819	35257
SHERMAN__OR	319	678	1026
TILLAMOOK__OR	6293	5684	12519
UMATILLA__OR	8584	15499	24969
UNION__OR	3973	7636	12070
WALLOWA__OR	1253	2804	4205
WASCO__OR	5211	5229	10873
WASHINGTON__OR	135291	93974	237023
WHEELER__OR	266	545	858
YAMHILL__OR	19260	22045	42907
ADAMS__PA	15091	26767	42457
ALLEGHENY__PA	352687	262039	622081
ARMSTRONG__PA	9045	20142	29602
BEAVER__PA	37055	42344	80474
BEDFORD__PA	4788	16702	21697
BERKS__PA	83011	84702	170320
BLAIR__PA	16276	33319	50241
BRADFORD__PA	8624	14410	23426
BUCKS__PA	160521	156579	321016
BUTLER__PA	28550	59761	89445
CAMBRIA__PA	24249	35163	60526
CAMERON__PA	724	1359	2111
CARBON__PA	11580	13504	25581
CENTRE__PA	34176	34001	69626
CHESTER__PA	124311	124840	251973
CLARION__PA	5056	10828	16186
CLEARFIELD__PA	11121	20347	31967
CLINTON__PA	5734	7303	13265
COLUMBIA__PA	10937	14236	25623
CRAWFORD__PA	13883	20901	35388
CUMBERLAND__PA	44367	64809	110814
DAUPHIN__PA	64965	57450	124008
DELAWARE__PA	171792	110853	285564
ELK__PA	5463	7579	13238
ERIE__PA	68036	49025	118619
FAYETTE__PA	21971	26018	48505
FOREST__PA	896	1383	2312
FRANKLIN__PA	18995	43260	63078
FULTON__PA	1310	4814	6195
GREENE__PA	5852	8428	14464
HUNTINGDON__PA	5409	11979	17639
INDIANA__PA	14473	21257	36321
JEFFERSON__PA	4787	13048	18097
JUNIATA__PA	2547	6862	9535
LACKAWANNA__PA	61838	35085	98015
LANCASTER__PA	88481	130669	222436
LAWRENCE__PA	17513	21047	39036
LEBANON__PA	19900	35872	56580
LEHIGH__PA	78283	66874	147002
LUZERNE__PA	64307	58325	124439
LYCOMING__PA	15203	30658	46493
MCKEAN__PA	5297	9545	15108
MERCER__PA	24232	25925	50863
MIFFLIN__PA	4273	11939	16371
MONROE__PA	35221	26867	62917
MONTGOMERY__PA	233356	174381	412200
MONTOUR__PA	3053	4652	7831
NORTHAMPTON__PA	67606	61446	130735
NORTHUMBERLAND__PA	13072	19518	33212
PERRY__PA	5685	13120	19128
PHILADELPHIA__PA	588806	96467	690327
PIKE__PA	10210	12786	23279
POTTER__PA	1897	5231	7242
SCHUYLKILL__PA	24546	32278	57727
SNYDER__PA	4687	10073	15002
SOMERSET__PA	9436	23984	33942
SULLIVAN__PA	1034	1868	2949
SUSQUEHANNA__PA	6935	10800	18044
TIOGA__PA	5357	11342	17004
UNION__PA	6109	9896	16268
VENANGO__PA	7945	13815	22167
WARREN__PA	6995	10010	17299
WASHINGTON__PA	40345	53230	94750
WAYNE__PA	8396	12896	21607
WESTMORELAND__PA	63722	103932	169572
WYOMING__PA	5061	6587	11872
YORK__PA	73191	113304	189229
BRISTOL__RI	14974	9231	24676
KENT__RI	45564	31567	78923
NEWPORT__RI	23463	15202	39452
PROVIDENCE__RI	159520	75785	239789
WASHINGTON__RI	35888	25366	62879
ABBEVILLE__SC	4543	5981	10671
AIKEN__SC	25322	44042	70363
ALLENDALE__SC	3297	838	4163
ANDERSON__SC	22405	48709	72212
BAMBERG__SC	4624	2194	6882
BARNWELL__SC	5188	4659	9923
BEAUFORT__SC	29848	42687	73297
BERKELEY__SC	28542	38475	68195
CALHOUN__SC	4045	3707	7834
CHARLESTON__SC	81487	77629	161707
CHEROKEE__SC	7231	13314	20773
CHESTER__SC	7891	6367	14407
CHESTERFIELD__SC	7958	8490	16594
CLARENDON__SC	9091	7071	16292
COLLETON__SC	8475	8443	17086
DARLINGTON__SC	15457	14434	30150
DILLON__SC	7523	5427	13035
DORCHESTER__SC	23445	32531	56855
EDGEFIELD__SC	4967	6512	11586
FAIRFIELD__SC	7777	3999	11895
FLORENCE__SC	28614	28961	58122
GEORGETOWN__SC	14163	16526	30965
GREENVILLE__SC	68070	121685	193189
GREENWOOD__SC	11972	16348	28672
HAMPTON__SC	5834	3312	9206
HORRY__SC	38885	72127	112393
JASPER__SC	5757	4169	10021
KERSHAW__SC	11259	16324	27946
LANCASTER__SC	13419	19333	33144
LAURENS__SC	10318	14746	25416
LEE__SC	5977	2832	8907
LEXINGTON__SC	34148	76662	112623
MCCORMICK__SC	2653	2467	5160
MARION__SC	9688	5164	14986
MARLBORO__SC	6100	3676	9853
NEWBERRY__SC	6913	9260	16351
OCONEE__SC	8550	21611	30666
ORANGEBURG__SC	30720	12022	43041
PICKENS__SC	11156	33474	45549
RICHLAND__SC	103989	53105	159154
SALUDA__SC	3328	5135	8564
SPARTANBURG__SC	41461	66969	109906
SUMTER__SC	27589	19274	47309
UNION__SC	5796	6584	12541
WILLIAMSBURG__SC	11335	4824	16304
YORK__SC	39131	59546	100210
AURORA__SD	556	804	1400
BEADLE__SD	2881	4230	7263
BENNETT__SD	548	626	1203
BON_HOMME__SD	1167	1830	3074
BROOKINGS__SD	5827	6220	12400
BROWN__SD	7250	8321	16068
BRULE__SD	824	1499	2379
BUFFALO__SD	472	166	641
BUTTE__SD	1002	3073	4208
CAMPBELL__SD	153	616	787
CHARLES_MIX__SD	1483	2230	3764
CLARK__SD	713	1067	1821
CLAY__SD	2955	2147	5234
CODINGTON__SD	4588	6696	11524
CORSON__SD	648	515	1200
CUSTER__SD	1335	3062	4520
DAVISON__SD	3042	4757	7971
DAY__SD	1497	1320	2873
DEUEL__SD	941	1175	2171
DEWEY__SD	1207	663	1895
DOUGLAS__SD	332	1334	1690
EDMUNDS__SD	622	1264	1936
FALL_RIVER__SD	1140	2258	3516
FAULK__SD	331	765	1127
GRANT__SD	1493	2034	3606
GREGORY__SD	599	1507	2151
HAAKON__SD	138	940	1092
HAMLIN__SD	921	1803	2793
HAND__SD	575	1242	1848
HANSON__SD	760	1627	2416
HARDING__SD	82	638	739
HUGHES__SD	2786	5219	8155
HUTCHINSON__SD	923	2451	3425
HYDE__SD	189	531	733
JACKSON__SD	426	661	1106
JERAULD__SD	452	538	1006
JONES__SD	108	490	609
KINGSBURY__SD	1092	1451	2608
LAKE__SD	2724	3419	6285
LAWRENCE__SD	3973	7025	11359
LINCOLN__SD	7982	13611	21952
LYMAN__SD	605	933	1569
MCCOOK__SD	905	1655	2613
MCPHERSON__SD	272	921	1215
MARSHALL__SD	1061	889	1987
MEADE__SD	2928	7566	10817
MELLETTE__SD	375	381	769
MINER__SD	479	636	1140
MINNEHAHA__SD	34674	40342	76583
MOODY__SD	1429	1535	3033
PENNINGTON__SD	15125	28232	44464
PERKINS__SD	319	1205	1590
POTTER__SD	339	1029	1381
ROBERTS__SD	2302	1883	4256
SANBORN__SD	389	688	1115
OGLALA_LAKOTA__SD	2937	188	3145
SPINK__SD	1300	1670	3041
STANLEY__SD	435	1063	1540
SULLY__SD	186	613	818
TODD__SD	1976	498	2497
TRIPP__SD	737	1905	2691
TURNER__SD	1411	2715	4210
UNION__SD	2782	4698	7596
WALWORTH__SD	671	1731	2462
YANKTON__SD	4226	5495	9974
ZIEBACH__SD	439	314	761
ANDERSON__TN	10122	18968	29659
BEDFORD__TN	4211	10034	14445
BENTON__TN	2258	3850	6226
BLEDSOE__TN	1267	3022	4359
BLOUNT__TN	12934	35441	49234
BRADLEY__TN	8037	27422	35963
CAMPBELL__TN	3328	8604	12101
CANNON__TN	1564	3309	4973
CARROLL__TN	3475	7225	10851
CARTER__TN	4789	15503	20617
CHEATHAM__TN	4659	10268	15182
CHESTER__TN	1624	4684	6410
CLAIBORNE__TN	2433	7617	10178
CLAY__TN	1037	1747	2820
COCKE__TN	2804	8459	11454
COFFEE__TN	5870	13023	19259
CROCKETT__TN	1669	3783	5498
CUMBERLAND__TN	6261	18653	25247
DAVIDSON__TN	143120	97622	244873
DECATUR__TN	1303	2874	4251
DEKALB__TN	2174	4143	6422
DICKSON__TN	6233	11296	17835
DYER__TN	3757	9921	13800
FAYETTE__TN	6688	12689	19574
FENTRESS__TN	1561	5243	6895
FRANKLIN__TN	5603	10262	16119
GIBSON__TN	6564	12883	19667
GILES__TN	3760	6915	10799
GRAINGER__TN	1668	5470	7252
GREENE__TN	6225	17245	23887
GRUNDY__TN	1643	2516	4237
HAMBLEN__TN	5234	14522	20032
HAMILTON__TN	58836	79933	141181
HANCOCK__TN	475	1527	2046
HARDEMAN__TN	5482	4865	10439
HARDIN__TN	2467	7886	10495
HAWKINS__TN	5088	14382	19797
HAYWOOD__TN	4569	2960	7569
HENDERSON__TN	2517	7421	10055
HENRY__TN	4339	8193	12739
HICKMAN__TN	2698	4758	7602
HOUSTON__TN	1400	1579	3027
HUMPHREYS__TN	2905	3833	6863
JACKSON__TN	1739	2383	4184
JEFFERSON__TN	4232	13038	17559
JOHNSON__TN	1483	4611	6194
KNOX__TN	59399	109707	172507
LAKE__TN	884	1163	2087
LAUDERDALE__TN	4011	4616	8689
LAWRENCE__TN	4237	10770	15219
LEWIS__TN	1447	3117	4694
LINCOLN__TN	3290	9803	13268
LOUDON__TN	5058	16707	22073
MCMINN__TN	4609	12967	17834
MCNAIRY__TN	2645	7015	9802
MACON__TN	1552	5260	6905
MADISON__TN	18367	21993	40702
MARION__TN	3953	6272	10409
MARSHALL__TN	3725	6832	10741
MAURY__TN	11825	20708	33006
MEIGS__TN	1163	2734	3964
MONROE__TN	4372	11731	16338
MONTGOMERY__TN	24499	30245	55584
MOORE__TN	705	2053	2799
MORGAN__TN	1725	4669	6504
OBION__TN	3321	8814	12297
OVERTON__TN	2805	4775	7664
PERRY__TN	992	1578	2621
PICKETT__TN	712	1712	2453
POLK__TN	1856	4108	6059
PUTNAM__TN	7802	17254	25500
RHEA__TN	2628	7802	10590
ROANE__TN	6018	14724	21090
ROBERTSON__TN	8290	17643	26289
RUTHERFORD__TN	36414	60846	98848
SCOTT__TN	1452	5117	6668
SEQUATCHIE__TN	1489	3541	5142
SEVIER__TN	7418	25984	33864
SHELBY__TN	232443	135649	371109
SMITH__TN	2470	4495	7087
STEWART__TN	2069	2963	5115
SULLIVAN__TN	15321	43562	59887
SUMNER__TN	18579	46003	65366
TIPTON__TN	7133	16672	24081
TROUSDALE__TN	1240	1612	2905
UNICOI__TN	1913	5032	7086
UNION__TN	1478	4282	5828
VAN_BUREN__TN	875	1386	2300
WARREN__TN	4752	8010	13015
WASHINGTON__TN	14325	32808	48032
WAYNE__TN	1163	4253	5486
WEAKLEY__TN	3548	8605	12337
WHITE__TN	2795	6197	9140
WILLIAMSON__TN	25142	69850	96225
WILSON__TN	14695	36109	51499
ANDERSON__TX	3813	12262	16212
ANDREWS__TX	795	3639	4482
ANGELINA__TX	7834	20303	28406
ARANSAS__TX	2704	6830	9648
ARCHER__TX	525	3600	4164
ARMSTRONG__TX	98	828	935
ATASCOSA__TX	5133	7461	12721
AUSTIN__TX	2252	9265	11649
BAILEY__TX	466	1339	1816
BANDERA__TX	1864	7426	9448
BASTROP__TX	9864	14033	24481
BAYLOR__TX	267	1297	1592
BEE__TX	3452	4356	7879
BELL__TX	35512	49574	86206
BEXAR__TX	264856	241617	513681
BLANCO__TX	1220	3638	4973
BORDEN__TX	32	324	363
BOSQUE__TX	1367	5885	7356
BOWIE__TX	10196	24869	35404
BRAZORIA__TX	34421	70862	106739
BRAZOS__TX	17477	37209	55962
BREWSTER__TX	1765	1976	3867
BRISCOE__TX	117	578	702
BROOKS__TX	1886	507	2403
BROWN__TX	1904	11895	13947
BURLESON__TX	1705	4671	6456
BURNET__TX	3674	12843	16796
CALDWELL__TX	4791	6021	11068
CALHOUN__TX	2410	4144	6648
CALLAHAN__TX	751	4378	5197
CAMERON__TX	49975	26099	76895
CAMP__TX	1428	2881	4335
CARSON__TX	292	2451	2778
CASS__TX	2924	8763	11788
CASTRO__TX	630	1470	2119
CHAMBERS__TX	2790	11787	14735
CHEROKEE__TX	3875	12094	16126
CHILDRESS__TX	320	1665	1996
CLAY__TX	740	4266	5057
COCHRAN__TX	256	649	917
COKE__TX	179	1218	1408
COLEMAN__TX	442	3012	3492
COLLIN__TX	101415	196888	302821
COLLINGSWORTH__TX	177	962	1150
COLORADO__TX	2029	6026	8117
COMAL__TX	11450	39318	51529
COMANCHE__TX	890	3944	4906
CONCHO__TX	194	793	1001
COOKE__TX	2246	11951	14351
CORYELL__TX	5158	11220	16604
COTTLE__TX	180	555	741
CRANE__TX	275	985	1283
CROCKETT__TX	480	957	1457
CROSBY__TX	639	1132	1787
CULBERSON__TX	568	295	879
DALLAM__TX	253	1248	1534
DALLAS__TX	405571	295813	710117
DAWSON__TX	1019	2591	3642
DEAF_SMITH__TX	1239	3042	4309
DELTA__TX	454	1524	2018
DENTON__TX	80978	157579	242781
DEWITT__TX	1467	5122	6638
DICKENS__TX	216	793	1019
DIMMIT__TX	2141	762	2917
DONLEY__TX	226	1287	1535
DUVAL__TX	3331	980	4344
EASTLAND__TX	970	5444	6495
ECTOR__TX	8118	24010	32513
EDWARDS__TX	232	642	884
ELLIS__TX	13881	39574	54151
EL_PASO__TX	112952	57150	172412
ERATH__TX	1965	10329	12473
FALLS__TX	2033	3356	5434
FANNIN__TX	2486	8161	10804
FAYETTE__TX	2315	8106	10551
FISHER__TX	512	1094	1629
FLOYD__TX	551	1523	2085
FOARD__TX	140	348	495
FORT_BEND__TX	101144	116126	219489
FRANKLIN__TX	751	3446	4257
FREESTONE__TX	1850	5646	7570
FRIO__TX	2376	1559	3968
GAINES__TX	535	3484	4066
GALVESTON__TX	39511	69059	110078
GARZA__TX	279	1263	1560
GILLESPIE__TX	2055	10306	12550
GLASSCOCK__TX	44	526	578
GOLIAD__TX	1127	2294	3458
GONZALES__TX	1777	4216	6057
GRAY__TX	886	6443	7389
GRAYSON__TX	10670	30936	42264
GREGG__TX	12398	28742	41507
GRIMES__TX	2339	6141	8601
GUADALUPE__TX	15744	33117	49514
HALE__TX	2243	6490	8854
HALL__TX	265	832	1109
HAMILTON__TX	591	2918	3552
HANSFORD__TX	159	1788	1962
HARDEMAN__TX	302	1176	1495
HARDIN__TX	3359	17746	21297
HARRIS__TX	587044	586073	1188585
HARRISON__TX	8456	17512	26170
HARTLEY__TX	184	1708	1913
HASKELL__TX	553	1424	2013
HAYS__TX	25537	31661	59011
HEMPHILL__TX	192	1298	1509
HENDERSON__TX	6106	21231	27627
HIDALGO__TX	97969	39865	139159
HILL__TX	2752	9132	12045
HOCKLEY__TX	1486	5546	7134
HOOD__TX	3843	18409	22535
HOPKINS__TX	2777	9836	12753
HOUSTON__TX	2265	5880	8214
HOWARD__TX	2110	6453	8695
HUDSPETH__TX	379	471	863
HUNT__TX	6671	21011	28049
HUTCHINSON__TX	1045	6804	7928
IRION__TX	112	668	788
JACK__TX	303	2580	2908
JACKSON__TX	1070	3906	5025
JASPER__TX	3423	9957	13517
JEFF_DAVIS__TX	440	719	1192
JEFFERSON__TX	44668	43242	88627
JIM_HOGG__TX	1301	356	1667
JIM_WELLS__TX	6492	4598	11166
JOHNSON__TX	10496	37661	48838
JONES__TX	1226	4262	5567
KARNES__TX	1325	2825	4185
KAUFMAN__TX	9472	24846	34670
KENDALL__TX	3043	14508	17783
KENEDY__TX	82	84	167
KENT__TX	66	335	405
KERR__TX	4338	17274	21879
KIMBLE__TX	217	1667	1892
KING__TX	5	139	145
KINNEY__TX	522	880	1425
KLEBERG__TX	4754	4058	8907
KNOX__TX	332	1160	1510
LAMAR__TX	4181	12826	17197
LAMB__TX	998	3058	4091
LAMPASAS__TX	1479	5621	7204
LA_SALLE__TX	965	669	1646
LAVACA__TX	1428	6796	8294
LEE__TX	1632	4507	6221
LEON__TX	1062	5814	6945
LIBERTY__TX	5202	17323	22746
LIMESTONE__TX	2208	5288	7563
LIPSCOMB__TX	119	1044	1168
LIVE_OAK__TX	919	3154	4113
LLANO__TX	1822	7610	9558
LOVING__TX	9	54	64
LUBBOCK__TX	26271	63469	91184
LYNN__TX	506	1439	1959
MCCULLOCH__TX	537	2419	2993
MCLENNAN__TX	25694	47903	74541
MCMULLEN__TX	67	431	503
MADISON__TX	967	3028	4028
MARION__TX	1495	2733	4282
MARTIN__TX	248	1368	1624
MASON__TX	380	1565	1968
MATAGORDA__TX	3980	8040	12133
MAVERICK__TX	8303	2171	10563
MEDINA__TX	4784	11079	16049
MENARD__TX	171	665	849
MIDLAND__TX	8286	35689	44597
MILAM__TX	2636	5481	8230
MILLS__TX	279	1882	2201
MITCHELL__TX	538	1756	2316
MONTAGUE__TX	1116	6549	7751
MONTGOMERY__TX	32920	137969	173113
MOORE__TX	964	3968	4985
MORRIS__TX	1858	3232	5139
MOTLEY__TX	55	538	600
NACOGDOCHES__TX	6465	13925	20653
NAVARRO__TX	4350	10847	15364
NEWTON__TX	1677	4112	5869
NOLAN__TX	1216	3282	4575
NUECES__TX	45772	48966	96104
OCHILTREE__TX	253	2719	2993
OLDHAM__TX	71	790	869
ORANGE__TX	6800	23366	30518
PALO_PINTO__TX	1811	7393	9337
PANOLA__TX	2211	7950	10230
PARKER__TX	7853	39243	47694
PARMER__TX	529	2011	2554
PECOS__TX	1591	2512	4150
POLK__TX	4859	14071	19134
POTTER__TX	7126	18918	26450
PRESIDIO__TX	1282	504	1817
RAINS__TX	761	3279	4087
RANDALL__TX	7574	41447	49696
REAGAN__TX	158	676	843
REAL__TX	277	1236	1535
RED_RIVER__TX	1482	3549	5074
REEVES__TX	1655	1188	2877
REFUGIO__TX	998	1663	2677
ROBERTS__TX	33	468	508
ROBERTSON__TX	2798	4419	7287
ROCKWALL__TX	8120	27113	35678
RUNNELS__TX	519	3104	3668
RUSK__TX	4451	13924	18546
SABINE__TX	807	3727	4578
SAN_AUGUSTINE__TX	1193	2469	3690
SAN_JACINTO__TX	2410	7107	9616
SAN_PATRICIO__TX	7856	12005	20078
SAN_SABA__TX	323	1905	2259
SCHLEICHER__TX	221	787	1017
SCURRY__TX	838	4124	5027
SHACKELFORD__TX	131	1218	1363
SHELBY__TX	2322	6879	9284
SHERMAN__TX	121	908	1038
SMITH__TX	21456	57331	79601
SOMERVELL__TX	613	2871	3538
STARR__TX	10260	1547	11883
STEPHENS__TX	475	2892	3412
STERLING__TX	31	459	494
STONEWALL__TX	160	507	675
SUTTON__TX	369	1110	1489
SWISHER__TX	579	1655	2270
TARRANT__TX	253071	348920	610890
TAYLOR__TX	9750	32904	43263
TERRELL__TX	184	358	555
TERRY__TX	1059	2602	3709
THROCKMORTON__TX	109	700	813
TITUS__TX	2648	6084	8854
TOM_GREEN__TX	9294	26878	36720
TRAVIS__TX	232788	140152	387057
TRINITY__TX	1614	4537	6235
TYLER__TX	1668	5910	7654
UPSHUR__TX	2971	12015	15138
UPTON__TX	333	953	1300
UVALDE__TX	3825	4529	8435
VAL_VERDE__TX	6285	5635	12081
VAN_ZANDT__TX	3084	15794	19100
VICTORIA__TX	8802	19692	28853
WALKER__TX	6252	12140	18685
WALLER__TX	6514	9244	15902
WARD__TX	841	2366	3245
WASHINGTON__TX	3381	10857	14397
WEBB__TX	37597	11078	49110
WHARTON__TX	4235	9750	14087
WHEELER__TX	232	1878	2128
WICHITA__TX	10525	29812	41018
WILBARGER__TX	971	2956	3980
WILLACY__TX	3600	1416	5064
WILLIAMSON__TX	61875	97006	163271
WILSON__TX	4821	12218	17205
WINKLER__TX	398	1311	1725
WISE__TX	3221	17207	20745
WOOD__TX	3056	14351	17581
YOAKUM__TX	409	1698	2128
YOUNG__TX	992	6225	7316
ZAPATA__TX	2527	997	3543
ZAVALA__TX	3042	574	3653
BEAVER__UT	346	2174	2560
BOX_ELDER__UT	1984	17101	19408
CACHE__UT	6244	35039	42293
CARBON__UT	2275	5090	7567
DAGGETT__UT	94	406	520
DAVIS__UT	21889	96861	121069
DUCHESNE__UT	581	5698	6379
EMERY__UT	569	3777	4449
GARFIELD__UT	308	1832	2182
GRAND__UT	1727	1996	3950
IRON__UT	2148	14200	16701
JUAB__UT	451	3448	3972
KANE__UT	744	2522	3371
MILLARD__UT	431	4478	5026
MORGAN__UT	403	4114	4597
PIUTE__UT	74	697	782
RICH__UT	83	915	1007
SALT_LAKE__UT	146147	223811	381799
SAN_JUAN__UT	2139	3074	5307
SANPETE__UT	980	8406	9547
SEVIER__UT	738	7207	8069
SUMMIT__UT	8072	8884	17488
TOOELE__UT	4524	14268	19261
UINTAH__UT	997	10421	11583
UTAH__UT	17281	156950	177713
WASATCH__UT	2191	7220	9589
WASHINGTON__UT	8337	44698	54012
WAYNE__UT	215	1089	1327
WEBER__UT	19841	54224	75912
ADDISON__VT	12257	5203	17910
BENNINGTON__VT	11514	5687	17593
CALEDONIA__VT	8192	5088	13661
CHITTENDEN__VT	53626	21571	77080
ESSEX__VT	1539	1164	2798
FRANKLIN__VT	12057	7405	19888
GRAND_ISLE__VT	2531	1471	4075
LAMOILLE__VT	8371	3342	11988
ORANGE__VT	9076	4588	14053
ORLEANS__VT	7117	4306	11692
RUTLAND__VT	17088	10835	28609
WASHINGTON__VT	20351	8093	29307
WINDHAM__VT	16026	5347	21937
WINDSOR__VT	19494	8598	28699
ACCOMACK__VA	7655	8213	16051
ALBEMARLE__VA	29757	23297	53907
ALLEGHANY__VA	3403	3595	7173
AMELIA__VA	2490	4331	6915
AMHERST__VA	5900	8876	14970
APPOMATTOX__VA	2453	5340	7935
ARLINGTON__VA	81269	34474	117608
AUGUSTA__VA	9451	23624	33672
BATH__VA	894	1274	2223
BEDFORD_CO___VA	11434	28206	40230
BLAND__VA	735	2144	2948
BOTETOURT__VA	5452	12479	18241
BRUNSWICK__VA	4994	2968	8037
BUCHANAN__VA	3094	6436	9646
BUCKINGHAM__VA	3750	3569	7457
CAMPBELL__VA	7595	17695	25696
CAROLINE__VA	7276	6151	13652
CARROLL__VA	3685	8736	12918
CHARLES_CITY__VA	2772	1396	4232
CHARLOTTE__VA	2503	3311	5898
CHESTERFIELD__VA	77694	90934	170988
CLARKE__VA	3239	4296	7762
CRAIG__VA	830	1757	2667
CULPEPER__VA	8285	11580	20211
CUMBERLAND__VA	2422	2538	5048
DICKENSON__VA	2473	4274	6904
DINWIDDIE__VA	6550	6875	13589
ESSEX__VA	3016	2602	5675
FAIRFAX_CO___VA	315273	206773	529287
FAUQUIER__VA	13965	21034	35555
FLOYD__VA	2732	4673	7644
FLUVANNA__VA	5893	6678	12749
FRANKLIN_CO___VA	9090	16718	26707
FREDERICK__VA	12690	22858	36394
GILES__VA	2730	4660	7558
GLOUCESTER__VA	6764	12137	19283
GOOCHLAND__VA	4676	8448	13315
GRAYSON__VA	2068	4801	7121
GREENE__VA	3290	5569	9023
GREENSVILLE__VA	3135	1766	4926
HALIFAX__VA	7766	8694	16692
HANOVER__VA	18294	39940	59058
HENRICO__VA	89594	70449	162241
HENRY__VA	10317	13984	24963
HIGHLAND__VA	459	924	1413
ISLE_OF_WIGHT__VA	8761	11802	20827
JAMES_CITY__VA	17879	22843	41240
KING_AND_QUEEN__VA	1745	1865	3655
KING_GEORGE__VA	4477	6604	11325
KING_WILLIAM__VA	3344	5466	8923
LANCASTER__VA	3149	3753	6961
LEE__VA	2583	6847	9598
LOUDOUN__VA	82479	75292	160060
LOUISA__VA	6953	9215	16452
LUNENBURG__VA	2684	2969	5734
MADISON__VA	2639	3869	6614
MATHEWS__VA	1807	3488	5374
MECKLENBURG__VA	6921	7973	15077
MIDDLESEX__VA	2370	3619	6080
MONTGOMERY__VA	19903	20006	41009
NELSON__VA	4171	3947	8250
NEW_KENT__VA	3555	7246	10953
NORTHAMPTON__VA	3741	2676	6491
NORTHUMBERLAND__VA	3191	4310	7558
NOTTOWAY__VA	3344	3409	6846
ORANGE__VA	6870	9244	16354
PAGE__VA	3724	6344	10228
PATRICK__VA	2417	5622	8259
PITTSYLVANIA__VA	10858	19263	30681
POWHATAN__VA	4088	11200	15525
PRINCE_EDWARD__VA	5132	3952	9239
PRINCE_GEORGE__VA	6991	8879	16046
PRINCE_WILLIAM__VA	103331	74458	180195
PULASKI__VA	5292	8920	14680
RAPPAHANNOCK__VA	1980	2311	4357
RICHMOND_CO___VA	1574	2160	3770
ROANOKE_CO___VA	25362	36399	62846
ROCKBRIDGE__VA	4088	5898	10177
ROCKINGHAM__VA	10065	24186	34866
RUSSELL__VA	3718	8180	12088
SCOTT__VA	2395	7439	9992
SHENANDOAH__VA	6469	12538	19373
SMYTH__VA	4171	8379	12777
SOUTHAMPTON__VA	4437	4733	9264
SPOTSYLVANIA__VA	25165	31844	57974
STAFFORD__VA	27182	32480	60583
SURRY__VA	2576	1671	4308
SUSSEX__VA	3358	2021	5440
TAZEWELL__VA	3661	13843	17732
WARREN__VA	6452	9869	16698
WASHINGTON__VA	7076	18141	25632
WESTMORELAND__VA	4295	3731	8120
WISE__VA	3760	11076	15018
WYTHE__VA	3783	8324	12358
YORK__VA	13183	20204	33953
ALEXANDRIA__VA	52199	20249	73411
BRISTOL__VA	2492	4780	7387
BUENA_VISTA__VA	919	1564	2526
CHARLOTTESVILLE__VA	16510	4844	21797
CHESAPEAKE__VA	55052	53900	110425
COLONIAL_HEIGHTS__VA	2544	5941	8624
COVINGTON__VA	1319	975	2330
DANVILLE__VA	12218	7763	20204
EMPORIA__VA	1793	886	2696
FALLS_CHURCH__VA	5015	2147	7276
FRANKLIN__VA	2833	1496	4360
FREDERICKSBURG__VA	7131	4060	11437
GALAX__VA	900	1332	2277
HAMPTON__VA	46966	18640	66490
HARRISONBURG__VA	8654	6565	15593
HOPEWELL__VA	5179	3739	9031
LEXINGTON__VA	1486	1146	2687
LYNCHBURG__VA	15948	19806	36448
MANASSAS__VA	8478	6463	15200
MANASSAS_PARK__VA	2879	1699	4656
MARTINSVILLE__VA	3855	2312	6284
NEWPORT_NEWS__VA	51100	27230	79444
NORFOLK__VA	62687	23147	87043
NORTON__VA	566	895	1492
PETERSBURG__VA	14283	1527	15908
POQUOSON__VA	1679	5312	7106
PORTSMOUTH__VA	32501	12858	45922
RADFORD__VA	2732	2520	5399
RICHMOND__VA	75921	20050	97569
ROANOKE__VA	24134	14991	40155
SALEM__VA	4760	7299	12318
STAUNTON__VA	5728	5272	11210
SUFFOLK__VA	24267	17820	42566
VIRGINIA_BEACH__VA	94299	99291	196641
WAYNESBORO__VA	3840	4790	8791
WILLIAMSBURG__VA	4903	2682	7748
WINCHESTER__VA	5094	4946	10296
ADAMS__WA	1540	3171	4793
ASOTIN__WA	4003	5654	9901
BENTON__WA	28145	49461	79559
CHELAN__WA	13112	18402	32250
CLALLAM__WA	18580	18437	38066
CLARK__WA	93382	92951	190805
COLUMBIA__WA	645	1568	2259
COWLITZ__WA	22726	20746	44620
DOUGLAS__WA	5166	9425	14942
FERRY__WA	1294	1995	3440
FRANKLIN__WA	8398	13748	22643
GARFIELD__WA	336	913	1278
GRANT__WA	8950	17852	27558
GRAYS_HARBOR__WA	15960	11914	28684
ISLAND__WA	21478	19605	42099
JEFFERSON__WA	12739	6405	19829
KING__WA	668004	275700	967154
KITSAP__WA	67277	52846	123367
KITTITAS__WA	7949	9782	18171
KLICKITAT__WA	4598	5316	10274
LEWIS__WA	12664	20452	34044
LINCOLN__WA	1673	4063	5872
MASON__WA	14764	12761	28235
OKANOGAN__WA	7108	9221	16846
PACIFIC__WA	5711	4499	10524
PEND_OREILLE__WA	2508	3952	6668
PIERCE__WA	186430	148467	342910
SAN_JUAN__WA	7125	3111	10594
SKAGIT__WA	28688	25071	55269
SKAMANIA__WA	2628	2687	5466
SNOHOMISH__WA	188516	133016	329817
SPOKANE__WA	102295	115285	223830
STEVENS__WA	7762	13691	22161
THURSTON__WA	74037	49287	127063
WAHKIAKUM__WA	1094	1119	2294
WALLA_WALLA__WA	9768	14648	25108
WHATCOM__WA	57089	42703	103029
WHITMAN__WA	8037	8507	17121
YAKIMA__WA	33217	42239	76973
BARBOUR__WV	1768	3824	5761
BERKELEY__WV	14275	22156	37172
BOONE__WV	2790	5467	8500
BRAXTON__WV	1998	2725	4804
BROOKE__WV	4005	5060	9294
CABELL__WV	13568	17985	32144
CALHOUN__WV	818	1319	2207
CLAY__WV	931	1971	3012
DODDRIDGE__WV	575	2130	2769
FAYETTE__WV	5419	8350	14070
GILMER__WV	840	1595	2509
GRANT__WV	718	3783	4586
GREENBRIER__WV	4710	7930	12963
HAMPSHIRE__WV	2299	5523	7986
HANCOCK__WV	4627	7226	12118
HARDY__WV	1482	3536	5168
HARRISON__WV	9732	15876	26147
JACKSON__WV	3854	7408	11544
JEFFERSON__WV	10398	11258	22138
KANAWHA__WV	32480	41364	75077
LEWIS__WV	1736	4375	6287
LINCOLN__WV	2227	4383	6818
LOGAN__WV	3469	8222	11946
MCDOWELL__WV	2109	3959	6188
MARION__WV	8959	12054	21542
MARSHALL__WV	4484	8135	12916
MASON__WV	3778	5741	9789
MERCER__WV	5432	15450	21276
MINERAL__WV	2885	7833	10979
MINGO__WV	2428	6191	8830
MONONGALIA__WV	13826	16831	31475
MONROE__WV	1455	3616	5212
MORGAN__WV	2363	4513	7044
NICHOLAS__WV	2664	5898	8785
OHIO__WV	6786	10768	17911
PENDLETON__WV	1074	2095	3239
PLEASANTS__WV	955	1825	2840
POCAHONTAS__WV	1303	2182	3576
PRESTON__WV	2931	7889	11155
PUTNAM__WV	7256	16032	23673
RALEIGH__WV	7739	20614	28829
RANDOLPH__WV	3342	6160	9756
RITCHIE__WV	768	2921	3788
ROANE__WV	1939	2982	5047
SUMMERS__WV	1621	2981	4735
TAYLOR__WV	1941	3840	5908
TUCKER__WV	880	2176	3138
TYLER__WV	890	2314	3279
UPSHUR__WV	2158	5939	8273
WAYNE__WV	4931	8688	13955
WEBSTER__WV	947	1710	2755
WETZEL__WV	2217	3473	5856
WIRT__WV	676	1427	2171
WOOD__WV	11230	22183	33977
WYOMING__WV	1583	5769	7523
ADAMS__WI	5542	4644	10287
ASHLAND__WI	5399	2820	8372
BARRON__WI	10890	11443	22692
BAYFIELD__WI	6033	3603	9788
BROWN__WI	62526	64836	128928
BUFFALO__WI	3570	3364	7039
BURNETT__WI	3986	4550	8677
CALUMET__WI	11489	14539	26420
CHIPPEWA__WI	15237	15322	30932
CLARK__WI	6172	7412	13801
COLUMBIA__WI	17175	13026	30546
CRAWFORD__WI	4629	3067	7817
DANE__WI	216071	83644	304181
DODGE__WI	18762	25211	44488
DOOR__WI	9357	8121	17671
DOUGLAS__WI	14863	7705	22894
DUNN__WI	11316	10224	21992
EAU_CLAIRE__WI	30666	23256	54806
FLORENCE__WI	953	1645	2625
FOND_DU_LAC__WI	22379	30355	53402
FOREST__WI	2425	2172	4648
GRANT__WI	13594	10255	24248
GREEN__WI	11206	7857	19322
GREEN_LAKE__WI	3793	5782	9675
IOWA__WI	8105	4287	12534
IRON__WI	1784	1790	3632
JACKSON__WI	5298	3900	9313
JEFFERSON__WI	20158	23517	44281
JUNEAU__WI	6242	5411	11827
KENOSHA__WI	44867	34977	80897
KEWAUNEE__WI	5153	5747	11037
LA_CROSSE__WI	36693	25751	63462
LAFAYETTE__WI	4536	3314	7952
LANGLADE__WI	4573	5816	10519
LINCOLN__WI	7563	7455	15216
MANITOWOC__WI	20403	21604	42617
MARATHON__WI	32363	36617	69862
MARINETTE__WI	9882	10619	20777
MARQUETTE__WI	4014	3992	8105
MENOMINEE__WI	1191	179	1377
MILWAUKEE__WI	332438	154924	492576
MONROE__WI	9515	9675	19485
OCONTO__WI	8865	10741	19859
ONEIDA__WI	10452	10917	21652
OUTAGAMIE__WI	45659	47372	94596
OZAUKEE__WI	19159	36077	55817
PEPIN__WI	1876	1794	3699
PIERCE__WI	10235	10397	21020
POLK__WI	10073	12094	22573
PORTAGE__WI	22075	16615	39337
PRICE__WI	3887	3884	7901
RACINE__WI	53008	49347	103364
RICHLAND__WI	4969	3573	8655
ROCK__WI	49219	30517	80690
RUSK__WI	3397	3676	7191
ST__CROIX__WI	19910	25503	46225
SAUK__WI	18736	12838	31927
SAWYER__WI	4486	4442	9025
SHAWANO__WI	9000	11022	20279
SHEBOYGAN__WI	27918	34072	62651
TAYLOR__WI	3763	5601	9512
TREMPEALEAU__WI	7605	5707	13481
VERNON__WI	8044	5942	14269
VILAS__WI	5951	7749	13842
WALWORTH__WI	22552	29006	52303
WASHBURN__WI	4447	4699	9287
WASHINGTON__WI	23166	54765	78742
WAUKESHA__WI	78779	162798	243856
WAUPACA__WI	11578	17002	28840
WAUSHARA__WI	5335	6562	12048
WINNEBAGO__WI	45449	42122	89173
WOOD__WI	18581	19704	38900
ALBANY__WY	7458	7866	16300
BIG_HORN__WY	868	4285	5324
CAMPBELL__WY	2163	14953	17571
CARBON__WY	2110	4148	6509
CONVERSE__WY	1089	5043	6343
CROOK__WY	426	3109	3685
FREMONT__WY	5333	11075	16939
GOSHEN__WY	1458	4178	5806
HOT_SPRINGS__WY	523	1895	2515
JOHNSON__WY	749	3363	4259
LARAMIE__WY	14295	23904	39505
LINCOLN__WY	1287	7144	8618
NATRONA__WY	8961	22132	32373
NIOBRARA__WY	200	1022	1276
PARK__WY	2927	11234	14608
PLATTE__WY	1223	3136	4531
SHERIDAN__WY	3618	10267	14322
SUBLETTE__WY	767	3472	4376
SWEETWATER__WY	4774	11428	16895
TETON__WY	6213	4858	11464
UINTA__WY	1628	6615	8539
WASHAKIE__WY	794	3014	3944
WESTON__WY	422	2821	3359
STATEWIDE_WRITEIN__	39366	30450	70991
MAINE_UOCAVA__	2071	858	3054
DISTRICT_1__AK	1518	5899	7722
DISTRICT_2__AK	3096	5509	9058
DISTRICT_3__AK	2034	3769	6069
DISTRICT_4__AK	2864	3586	6787
DISTRICT_5__AK	3644	4027	8143
DISTRICT_6__AK	2145	5254	7793
DISTRICT_7__AK	1962	5247	7575
DISTRICT_8__AK	2083	5826	8242
DISTRICT_9__AK	1667	5432	7408
DISTRICT_10__AK	1344	4928	6570
DISTRICT_11__AK	2222	6057	8631
DISTRICT_12__AK	1901	4300	6482
DISTRICT_13__AK	2425	3078	5707
DISTRICT_14__AK	3340	3453	7068
DISTRICT_15__AK	3283	2875	6451
DISTRICT_16__AK	4013	2876	7181
DISTRICT_17__AK	2853	1542	4589
DISTRICT_18__AK	4247	2369	6930
DISTRICT_19__AK	4126	3855	8286
DISTRICT_20__AK	3081	4544	7964
DISTRICT_21__AK	3316	5262	8866
DISTRICT_22__AK	2859	3445	6555
DISTRICT_23__AK	3167	4926	8370
DISTRICT_24__AK	3128	3912	7289
DISTRICT_25__AK	3739	4569	8661
DISTRICT_26__AK	3169	6968	10491
DISTRICT_27__AK	4463	6015	10823
DISTRICT_28__AK	2188	5882	8449
DISTRICT_29__AK	1933	5774	8011
DISTRICT_30__AK	3578	5492	9505
DISTRICT_31__AK	4679	4219	9335
DISTRICT_32__AK	5930	3095	9528
DISTRICT_33__AK	2716	4289	7471
DISTRICT_34__AK	4662	3523	8637
DISTRICT_35__AK	2830	3804	6932
DISTRICT_36__AK	3341	1386	4972
DISTRICT_37__AK	2631	1517	4335
DISTRICT_38__AK	4101	2259	6814
DISTRICT_39__AK	3645	2566	6560
DISTRICT_40__AK	2717	1347	4235
