_PARTIES	Democrat	Republican	Total
_COLORS	Blue	Red
AUTAUGA__AL	5936	18172	24973
BALDWIN__AL	18458	72883	95215
BARBOUR__AL	4871	5454	10469
BIBB__AL	1874	6738	8819
BLOUNT__AL	2156	22859	25588
BULLOCK__AL	3530	1140	4710
BUTLER__AL	3726	4901	8732
CALHOUN__AL	13242	32865	47864
CHAMBERS__AL	5784	7843	13900
CHEROKEE__AL	1547	8953	10733
CHILTON__AL	2911	15081	18369
CHOCTAW__AL	3109	4106	7292
CLARKE__AL	5749	7140	13031
CLAY__AL	1237	5245	6624
CLEBURNE__AL	684	5764	6593
COFFEE__AL	4221	15875	20767
COLBERT__AL	7312	16746	24915
CONECUH__AL	3080	3420	6585
COOSA__AL	1782	3381	5252
COVINGTON__AL	2387	13267	15940
CRENSHAW__AL	1664	4513	6267
CULLMAN__AL	3798	32989	37873
DALE__AL	4413	13808	18749
DALLAS__AL	12836	5789	18792
DEKALB__AL	3622	21405	25826
ELMORE__AL	8443	27634	37260
ESCAMBIA__AL	4605	9935	14845
ETOWAH__AL	10442	32353	44164
FAYETTE__AL	1362	6712	8249
FRANKLIN__AL	2197	9466	12040
GENEVA__AL	1525	9994	11758
GREENE__AL	4013	838	4880
HALE__AL	4775	3173	8040
HENRY__AL	2292	5632	8072
HOUSTON__AL	10664	30728	42639
JACKSON__AL	3673	16672	20984
JEFFERSON__AL	156873	134768	304191
LAMAR__AL	1036	5823	6966
LAUDERDALE__AL	9952	27899	39525
LAWRENCE__AL	3627	10833	14829
LEE__AL	21230	34617	59191
LIMESTONE__AL	9468	29067	40294
LOWNDES__AL	4883	1751	6684
MACON__AL	7566	1431	9140
MADISON__AL	62822	89520	163389
MARENGO__AL	5615	5233	10994
MARION__AL	1432	11274	12984
MARSHALL__AL	4917	29233	35316
MOBILE__AL	72186	95116	172737
MONROE__AL	4332	5795	10271
MONTGOMERY__AL	58916	34003	95878
MORGAN__AL	11254	37486	50644
PERRY__AL	3824	1407	5278
PICKENS__AL	3972	5456	9542
PIKE__AL	5056	7693	13168
RANDOLPH__AL	2291	7705	10187
RUSSELL__AL	9579	9210	19256
ST__CLAIR__AL	5589	31651	38400
SHELBY__AL	22977	73020	101254
SUMTER__AL	4746	1581	6411
TALLADEGA__AL	12121	20614	33407
TALLAPOOSA__AL	5519	13594	19486
TUSCALOOSA__AL	31762	47723	82700
WALKER__AL	4497	24266	29472
WASHINGTON__AL	2374	6042	8533
WILCOX__AL	4339	1737	6118
WINSTON__AL	872	9228	10313
APACHE__AZ	17083	8240	27661
COCHISE__AZ	17450	28092	50015
COCONINO__AZ	32404	21108	59784
GILA__AZ	7003	14182	22312
GRAHAM__AZ	3301	8025	12134
GREENLEE__AZ	1092	1892	3270
LA_PAZ__AZ	1575	4003	5951
MARICOPA__AZ	702907	747361	1567834
MOHAVE__AZ	17455	58282	79943
NAVAJO__AZ	16459	20577	40294
PIMA__AZ	224661	167428	421640
PINAL__AZ	47892	72819	129546
SANTA_CRUZ__AZ	11690	3897	16433
YAVAPAI__AZ	35590	71330	114450
YUMA__AZ	24605	25165	53010
ARKANSAS__AR	1939	3826	6212
ASHLEY__AR	2408	5338	8083
BAXTER__AR	4169	14682	19766
BENTON__AR	28005	60871	96824
BOONE__AR	2926	12235	16111
BRADLEY__AR	1317	2164	3653
CALHOUN__AR	639	1556	2269
CARROLL__AR	3342	6786	10758
CHICOT__AR	2350	1716	4176
CLARK__AR	3620	4404	8526
CLAY__AR	1199	3781	5200
CLEBURNE__AR	2101	9458	12085
CLEVELAND__AR	723	2462	3354
COLUMBIA__AR	3140	5456	8887
CONWAY__AR	2656	4849	7927
CRAIGHEAD__AR	10538	22892	35573
CRAWFORD__AR	4488	16686	22450
CRITTENDEN__AR	8410	6964	15952
CROSS__AR	1999	4584	6874
DALLAS__AR	1165	1509	2771
DESHA__AR	2228	1919	4257
DREW__AR	2365	3968	6595
FAULKNER__AR	14629	29346	47527
FRANKLIN__AR	1376	5039	6770
FULTON__AR	1067	3471	4772
GARLAND__AR	12311	26087	40805
GRANT__AR	1373	5725	7445
GREENE__AR	3071	10720	14600
HEMPSTEAD__AR	2377	4401	7049
HOT_SPRING__AR	3149	8172	11944
HOWARD__AR	1351	3157	4674
INDEPENDENCE__AR	2881	9936	13614
IZARD__AR	1113	4042	5448
JACKSON__AR	1583	3267	5156
JEFFERSON__AR	15772	9250	25894
JOHNSON__AR	2427	6091	9112
LAFAYETTE__AR	1032	1758	2860
LAWRENCE__AR	1263	4064	5685
LEE__AR	1735	1229	3026
LINCOLN__AR	1252	2455	3826
LITTLE_RIVER__AR	1397	3605	5227
LOGAN__AR	1715	5746	7921
LONOKE__AR	5664	19958	27100
MADISON__AR	1588	4928	6841
MARION__AR	1434	5336	7107
MILLER__AR	4273	11294	16091
MISSISSIPPI__AR	5670	7061	13204
MONROE__AR	1312	1489	2884
MONTGOMERY__AR	748	2643	3559
NEVADA__AR	1157	2000	3246
NEWTON__AR	699	2875	3753
OUACHITA__AR	4321	5351	9935
PERRY__AR	1049	3008	4306
PHILLIPS__AR	4310	2446	6953
PIKE__AR	685	3150	3981
POINSETT__AR	1880	5502	7722
POLK__AR	1212	6618	8231
POPE__AR	5000	16256	22569
PRAIRIE__AR	814	2505	3444
PULASKI__AR	89574	61257	159776
RANDOLPH__AR	1425	4509	6379
ST__FRANCIS__AR	4031	3195	7430
SALINE__AR	13256	35863	52100
SCOTT__AR	602	2731	3510
SEARCY__AR	601	2955	3728
SEBASTIAN__AR	12300	29127	44637
SEVIER__AR	1075	3282	4562
SHARP__AR	1472	5407	7249
STONE__AR	1203	4113	5618
UNION__AR	5855	10456	16894
VAN_BUREN__AR	1549	5382	7339
WASHINGTON__AR	33366	41476	81861
WHITE__AR	5170	21077	27219
WOODRUFF__AR	1118	1347	2571
YELL__AR	1480	4608	6439
ALAMEDA__CA	514842	95922	654266
ALPINE__CA	334	217	602
AMADOR__CA	6004	10485	17734
BUTTE__CA	41567	45144	95564
CALAVERAS__CA	7944	13511	23136
COLUSA__CA	2661	3551	6632
CONTRA_COSTA__CA	319287	115956	466175
DEL_NORTE__CA	3485	5134	9558
EL_DORADO__CA	36404	49247	93591
FRESNO__CA	141341	124049	282319
GLENN__CA	3065	5788	9470
HUMBOLDT__CA	33200	18373	59246
IMPERIAL__CA	32667	12704	48091
INYO__CA	3155	4248	8086
KERN__CA	98689	129584	244163
KINGS__CA	13617	18093	33915
LAKE__CA	11496	10599	24496
LASSEN__CA	2224	7574	10524
LOS_ANGELES__CA	2464364	769743	3434308
MADERA__CA	17029	23357	43112
MARIN__CA	108707	21771	139273
MARIPOSA__CA	3122	5185	8877
MENDOCINO__CA	22079	10888	37477
MERCED__CA	37317	28725	70789
MODOC__CA	877	2696	3788
MONO__CA	2773	2111	5276
MONTEREY__CA	89088	34895	133408
NAPA__CA	39199	17411	61372
NEVADA__CA	26053	23365	54935
ORANGE__CA	609961	507148	1197521
PLACER__CA	73509	95138	182839
PLUMAS__CA	3459	5420	9676
RIVERSIDE__CA	373695	333243	751391
SACRAMENTO__CA	326023	189789	559330
SAN_BENITO__CA	12521	7841	21924
SAN_BERNARDINO__CA	340833	271240	653983
SAN_DIEGO__CA	735476	477766	1306400
SAN_FRANCISCO__CA	345084	37688	405792
SAN_JOAQUIN__CA	121124	88936	224166
SAN_LUIS_OBISPO__CA	67107	56164	135009
SAN_MATEO__CA	237882	57929	314384
SANTA_BARBARA__CA	107142	56365	176786
SANTA_CLARA__CA	511684	144826	703709
SANTA_CRUZ__CA	95249	22438	128821
SHASTA__CA	22301	51778	80053
SIERRA__CA	601	1048	1830
SISKIYOU__CA	7234	11341	20492
SOLANO__CA	102360	51920	166113
SONOMA__CA	160435	51408	231253
STANISLAUS__CA	81647	78494	172146
SUTTER__CA	13076	18176	33523
TEHAMA__CA	6809	15494	23908
TRINITY__CA	2214	2812	5686
TULARE__CA	47585	58299	112334
TUOLUMNE__CA	9123	14551	25529
VENTURA__CA	194402	132323	351726
YOLO__CA	54752	20739	82090
YUBA__CA	7910	13170	22998
ADAMS__CO	96558	80082	193665
ALAMOSA__CO	3189	3046	6939
ARAPAHOE__CO	159885	117053	303046
ARCHULETA__CO	2500	4264	7339
BACA__CO	283	1753	2153
BENT__CO	590	1188	1927
BOULDER__CO	132334	41396	188142
BROOMFIELD__CO	19731	14367	37689
CHAFFEE__CO	4888	5391	11250
CHEYENNE__CO	132	925	1102
CLEAR_CREEK__CO	2729	2575	5866
CONEJOS__CO	1771	1914	4022
COSTILLA__CO	1125	588	1848
CROWLEY__CO	339	1079	1527
CUSTER__CO	797	2061	3066
DELTA__CO	4087	11655	16790
DENVER__CO	244551	62690	331852
DOLORES__CO	242	944	1255
DOUGLAS__CO	68657	102573	187499
EAGLE__CO	14099	8990	25223
ELBERT__CO	3134	11705	15978
EL_PASO__CO	108010	179228	318967
FREMONT__CO	5297	15122	21973
GARFIELD__CO	11271	13132	26470
GILPIN__CO	1634	1566	3576
GRAND__CO	3358	4494	8588
GUNNISON__CO	5128	3289	9412
HINSDALE__CO	197	339	589
HUERFANO__CO	1633	1883	3783
JACKSON__CO	171	629	861
JEFFERSON__CO	160776	138177	328882
KIOWA__CO	91	728	855
KIT_CARSON__CO	536	2967	3702
LAKE__CO	1616	1270	3199
LA_PLATA__CO	15525	12587	31150
LARIMER__CO	93113	83430	195980
LAS_ANIMAS__CO	2650	3710	6793
LINCOLN__CO	409	1892	2436
LOGAN__CO	1851	7282	9722
MESA__CO	21729	49779	77653
MINERAL__CO	237	344	652
MOFFAT__CO	874	5305	6525
MONTEZUMA__CO	3973	7853	12858
MONTROSE__CO	5466	14382	21186
MORGAN__CO	3151	8145	11960
OTERO__CO	2943	4928	8452
OURAY__CO	1697	1351	3310
PARK__CO	3421	6135	10417
PHILLIPS__CO	436	1791	2332
PITKIN__CO	7333	2550	10523
PROWERS__CO	1186	3531	5016
PUEBLO__CO	35875	36265	78646
RIO_BLANCO__CO	436	2791	3450
RIO_GRANDE__CO	2001	3085	5534
ROUTT__CO	7600	5230	13986
SAGUACHE__CO	1417	1147	2835
SAN_JUAN__CO	265	215	506
SAN_MIGUEL__CO	2975	1033	4329
SEDGWICK__CO	267	1015	1364
SUMMIT__CO	9557	5100	16174
TELLER__CO	3603	9745	14444
WASHINGTON__CO	296	2299	2733
WELD__CO	46519	76651	135428
YUMA__CO	726	3850	4791
FAIRFIELD__CT	243852	160077	421209
HARTFORD__CT	240403	148173	406864
LITCHFIELD__CT	39775	53051	97442
MIDDLESEX__CT	45357	38867	88624
NEW_HAVEN__CT	205609	159048	379006
NEW_LONDON__CT	62278	54058	123528
TOLLAND__CT	38506	34194	77424
WINDHAM__CT	21792	25747	50823
KENT__DE	33351	36991	74598
NEW_CASTLE__DE	162919	85525	262391
SUSSEX__DE	39333	62611	106008
DISTRICT_OF_COLUMBIA__DC	282830	12723	311268
ALACHUA__FL	75820	46834	128571
BAKER__FL	2112	10294	12634
BAY__FL	21797	62194	87453
BRADFORD__FL	2924	8913	12098
BREVARD__FL	119679	181848	314752
BROWARD__FL	553320	260951	831951
CALHOUN__FL	1241	4655	6081
CHARLOTTE__FL	33445	60218	96374
CITRUS__FL	22789	54456	79700
CLAY__FL	27822	74963	106483
COLLIER__FL	61085	105423	170789
COLUMBIA__FL	7601	20368	28707
DESOTO__FL	3781	6778	10818
DIXIE__FL	1270	5822	7202
DUVAL__FL	205704	211672	432695
ESCAMBIA__FL	57461	88808	152469
FLAGLER__FL	22026	33850	57503
FRANKLIN__FL	1744	4125	6015
GADSDEN__FL	15020	6728	22113
GILCHRIST__FL	1458	6740	8420
GLADES__FL	1271	2996	4353
GULF__FL	1720	5329	7293
HAMILTON__FL	1904	3443	5460
HARDEE__FL	2149	5242	7583
HENDRY__FL	4615	6195	11115
HERNANDO__FL	31795	58970	93796
HIGHLANDS__FL	14937	29565	45686
HILLSBOROUGH__FL	307896	266870	597660
HOLMES__FL	853	7483	8514
INDIAN_RIVER__FL	29043	48620	80009
JACKSON__FL	6397	14257	21041
JEFFERSON__FL	3541	3930	7645
LAFAYETTE__FL	518	2809	3392
LAKE__FL	62838	102188	170462
LEE__FL	124908	191551	326420
LEON__FL	92068	53821	152132
LEVY__FL	5101	13775	19395
LIBERTY__FL	651	2543	3296
MADISON__FL	3526	4851	8505
MANATEE__FL	71224	101944	178958
MARION__FL	62041	107833	174700
MARTIN__FL	30185	53204	85792
MIAMI_DADE__FL	624146	333999	980204
MONROE__FL	18971	21904	42478
NASSAU__FL	10869	34266	46607
OKALOOSA__FL	23780	71893	100855
OKEECHOBEE__FL	3959	9356	13653
ORANGE__FL	329894	195216	546275
OSCEOLA__FL	85458	50301	140206
PALM_BEACH__FL	374673	272402	662332
PASCO__FL	90142	142101	241139
PINELLAS__FL	233701	239201	492403
POLK__FL	117433	157430	284314
PUTNAM__FL	10094	22138	33117
ST__JOHNS__FL	43099	88684	136514
ST__LUCIE__FL	66881	70289	140847
SANTA_ROSA__FL	18464	65339	87745
SARASOTA__FL	97870	124438	229063
SEMINOLE__FL	105914	109443	224896
SUMTER__FL	22638	52730	76665
SUWANNEE__FL	3964	14287	18694
TAYLOR__FL	2152	6930	9290
UNION__FL	1014	4568	5694
VOLUSIA__FL	109091	143007	260869
WAKULLA__FL	4348	10512	15351
WALTON__FL	6876	25756	33637
WASHINGTON__FL	2264	8637	11156
APPLING__GA	1434	5494	7012
ATKINSON__GA	697	1878	2610
BACON__GA	608	3364	4020
BAKER__GA	650	775	1440
BALDWIN__GA	7970	7697	16116
BANKS__GA	684	6134	6975
BARROW__GA	6580	21108	29060
BARTOW__GA	8212	29911	39550
BEN_HILL__GA	2101	3739	5936
BERRIEN__GA	1047	5422	6590
BIBB__GA	36787	24043	62596
BLECKLEY__GA	1101	3719	4974
BRANTLEY__GA	619	5567	6301
BROOKS__GA	2528	3701	6336
BRYAN__GA	4014	10529	15173
BULLOCH__GA	9261	15097	25316
BURKE__GA	4731	4491	9351
BUTTS__GA	2566	6717	9514
CALHOUN__GA	1179	830	2025
CAMDEN__GA	5930	12310	18901
CANDLER__GA	1026	2664	3763
CARROLL__GA	12464	30029	44121
CATOOSA__GA	4771	20876	26757
CHARLTON__GA	1004	2951	4016
CHATHAM__GA	62290	45688	112142
CHATTAHOOCHEE__GA	594	751	1390
CHATTOOGA__GA	1613	6462	8252
CHEROKEE__GA	25231	80649	112043
CLARKE__GA	29603	12717	44976
CLAY__GA	697	566	1273
CLAYTON__GA	78220	12645	92859
CLINCH__GA	686	1727	2455
COBB__GA	160121	152912	330819
COFFEE__GA	4094	9588	13915
COLQUITT__GA	3463	9898	13624
COLUMBIA__GA	18887	43085	64743
COOK__GA	1753	4176	6057
COWETA__GA	16583	42533	61745
CRAWFORD__GA	1421	3635	5176
CRISP__GA	2837	4549	7512
DADE__GA	965	5051	6242
DAWSON__GA	1448	9900	11765
DECATUR__GA	4124	6020	10286
DEKALB__GA	251370	51468	314757
DODGE__GA	1839	5021	7009
DOOLY__GA	1872	1951	3859
DOUGHERTY__GA	23311	10232	34087
DOUGLAS__GA	31005	24817	57738
EARLY__GA	2168	2552	4785
ECHOLS__GA	156	1007	1182
EFFINGHAM__GA	4853	17874	23458
ELBERT__GA	2539	5292	7987
EMANUEL__GA	2435	5335	7860
EVANS__GA	1130	2404	3613
FANNIN__GA	1923	9632	11812
FAYETTE__GA	23284	35048	60913
FLOYD__GA	9159	24114	34608
FORSYTH__GA	23462	69851	98221
FRANKLIN__GA	1243	7054	8502
FULTON__GA	297051	117783	431391
GILMER__GA	1965	10477	12773
GLASCOCK__GA	138	1235	1390
GLYNN__GA	11775	21512	34263
GORDON__GA	3181	15191	18959
GRADY__GA	3013	6053	9213
GREENE__GA	3199	5490	8852
GWINNETT__GA	166153	146989	328331
HABERSHAM__GA	2483	13190	16243
HALL__GA	16180	51733	70694
HANCOCK__GA	2701	843	3580
HARALSON__GA	1475	9585	11357
HARRIS__GA	4086	11936	16502
HART__GA	2585	7286	10117
HEARD__GA	743	3370	4223
HENRY__GA	50057	45724	98766
HOUSTON__GA	22553	35430	60079
IRWIN__GA	891	2716	3670
JACKSON__GA	4491	21784	27190
JASPER__GA	1544	4360	6045
JEFF_DAVIS__GA	901	4104	5096
JEFFERSON__GA	3821	3063	6968
JENKINS__GA	1123	1895	3056
JOHNSON__GA	1136	2519	3686
JONES__GA	3961	8305	12551
LAMAR__GA	2270	5190	7612
LANIER__GA	806	1984	2871
LAURENS__GA	6752	12411	19530
LEE__GA	3170	10646	14143
LIBERTY__GA	9556	6134	16143
LINCOLN__GA	1273	2759	4102
LONG__GA	1360	2626	4117
LOWNDES__GA	15064	21635	37805
LUMPKIN__GA	2220	9619	12425
MCDUFFIE__GA	3699	5432	9268
MCINTOSH__GA	2303	3487	5903
MACON__GA	2705	1540	4287
MADISON__GA	2425	9201	11998
MARION__GA	1213	1921	3190
MERIWETHER__GA	3804	5222	9217
MILLER__GA	623	1891	2544
MITCHELL__GA	3493	4279	7880
MONROE__GA	3571	8832	12687
MONTGOMERY__GA	847	2670	3576
MORGAN__GA	2663	6559	9475
MURRAY__GA	1800	10341	12458
MUSCOGEE__GA	39851	26976	69032
NEWTON__GA	21943	20913	43987
OCONEE__GA	5581	13425	20149
OGLETHORPE__GA	1831	4625	6674
PAULDING__GA	18025	44662	64890
PEACH__GA	5100	5413	10752
PICKENS__GA	1979	11651	14038
PIERCE__GA	903	6302	7311
PIKE__GA	1240	7278	8725
POLK__GA	2867	11014	14215
PULASKI__GA	1104	2437	3605
PUTNAM__GA	2758	6544	9488
QUITMAN__GA	461	575	1044
RABUN__GA	1444	6287	7992
RANDOLPH__GA	1598	1271	2899
RICHMOND__GA	48814	24461	75515
ROCKDALE__GA	23255	13478	37869
SCHLEY__GA	401	1472	1909
SCREVEN__GA	2300	3305	5715
SEMINOLE__GA	1189	2345	3588
SPALDING__GA	9357	15646	25704
STEPHENS__GA	1837	7686	9815
STEWART__GA	1222	805	2058
SUMTER__GA	5520	5276	10974
TALBOT__GA	2002	1196	3246
TALIAFERRO__GA	545	349	897
TATTNALL__GA	1681	5096	6903
TAYLOR__GA	1296	2064	3408
TELFAIR__GA	1313	2450	3796
TERRELL__GA	2267	1874	4189
THOMAS__GA	7142	11228	18802
TIFT__GA	4347	9584	14219
TOOMBS__GA	2338	6615	9138
TOWNS__GA	1210	5383	6764
TREUTLEN__GA	862	1809	2703
TROUP__GA	9713	15750	26111
TURNER__GA	1246	2095	3398
TWIGGS__GA	1971	2035	4059
UNION__GA	1963	9852	12063
UPSON__GA	3475	7292	10934
WALKER__GA	4215	18950	23956
WALTON__GA	8292	31125	40698
WARE__GA	3440	8513	12184
WARREN__GA	1314	991	2334
WASHINGTON__GA	4200	4149	8461
WAYNE__GA	2041	8153	10413
WEBSTER__GA	473	630	1116
WHEELER__GA	646	1421	2102
WHITE__GA	1674	9761	11823
WHITFIELD__GA	7937	21537	30658
WILCOX__GA	852	2096	2976
WILKES__GA	1848	2572	4486
WILKINSON__GA	1894	2333	4287
WORTH__GA	2020	6152	8295
HAWAII__HI	41259	17501	64867
HONOLULU__HI	175696	90326	285790
KAUAI__HI	16456	7574	26335
MAUI__HI	33480	13446	51945
ADA__ID	75677	93752	195669
ADAMS__ID	415	1556	2183
BANNOCK__ID	10342	17180	33416
BEAR_LAKE__ID	255	2203	2928
BENEWAH__ID	770	3103	4185
BINGHAM__ID	2924	10907	16625
BLAINE__ID	6416	3340	10724
BOISE__ID	777	2673	3814
BONNER__ID	5819	13343	20943
BONNEVILLE__ID	8930	26699	44221
BOUNDARY__ID	933	3789	5163
BUTTE__ID	160	914	1230
CAMAS__ID	110	410	590
CANYON__ID	16883	47222	72785
CARIBOU__ID	271	2275	3035
CASSIA__ID	1036	5949	8178
CLARK__ID	44	203	283
CLEARWATER__ID	704	2852	3801
CUSTER__ID	427	1777	2414
ELMORE__ID	1814	5816	8522
FRANKLIN__ID	385	3901	5499
FREMONT__ID	651	4090	5715
GEM__ID	1229	5980	7954
GOODING__ID	930	3743	5191
IDAHO__ID	1196	6441	8233
JEFFERSON__ID	976	8436	11475
JEROME__ID	1329	4644	6751
KOOTENAI__ID	16264	44449	66310
LATAH__ID	8093	7265	18173
LEMHI__ID	733	3011	4096
LEWIS__ID	270	1202	1590
LINCOLN__ID	360	1184	1748
MADISON__ID	1201	8941	15688
MINIDOKA__ID	1167	4887	6871
NEZ_PERCE__ID	4828	10699	17201
ONEIDA__ID	184	1531	2068
OWYHEE__ID	591	3052	3925
PAYETTE__ID	1507	6489	8704
POWER__ID	699	1666	2758
SHOSHONE__ID	1384	3297	5120
TETON__ID	2159	2167	4976
TWIN_FALLS__ID	6233	19828	29874
VALLEY__ID	1913	2906	5349
WASHINGTON__ID	776	3283	4455
ADAMS__IL	7676	22790	31951
ALEXANDER__IL	1262	1496	2846
BOND__IL	2068	4888	7530
BOONE__IL	8986	12282	23001
BROWN__IL	476	1796	2379
BUREAU__IL	6029	9281	16571
CALHOUN__IL	739	1721	2571
CARROLL__IL	2447	4434	7445
CASS__IL	1621	3216	5124
CHAMPAIGN__IL	50137	33368	91628
CHRISTIAN__IL	3992	10543	15459
CLARK__IL	1877	5622	7928
CLAY__IL	1020	5021	6350
CLINTON__IL	3945	12412	17419
COLES__IL	7309	13003	21863
COOK__IL	1611946	453287	2158615
CRAWFORD__IL	1992	6277	8728
CUMBERLAND__IL	1031	4206	5567
DEKALB__IL	20466	19091	43600
DE_WITT__IL	1910	5077	7543
DOUGLAS__IL	1949	5698	8169
DUPAGE__IL	228622	166415	428769
EDGAR__IL	1793	5645	7873
EDWARDS__IL	434	2778	3347
EFFINGHAM__IL	3083	13635	17609
FAYETTE__IL	1819	7372	9585
FORD__IL	1414	4480	6396
FRANKLIN__IL	4727	13116	18711
FULTON__IL	6133	8492	15797
GALLATIN__IL	657	1942	2707
GREENE__IL	1205	4145	5585
GRUNDY__IL	8065	13454	23237
HAMILTON__IL	802	3206	4166
HANCOCK__IL	2139	6430	9121
HARDIN__IL	420	1653	2148
HENDERSON__IL	1155	2155	3518
HENRY__IL	8871	13985	24643
IROQUOIS__IL	2504	9750	13064
JACKSON__IL	11634	10843	24617
JASPER__IL	924	3975	5136
JEFFERSON__IL	4425	11695	16999
JERSEY__IL	2679	7748	10991
JO_DAVIESS__IL	4462	6121	11334
JOHNSON__IL	1142	4649	6089
KANE__IL	103665	82734	199314
KANKAKEE__IL	18971	25129	47305
KENDALL__IL	24884	24961	53447
KNOX__IL	10083	10737	22243
LAKE__IL	171095	109767	303520
LA_SALLE__IL	19543	26689	49743
LAWRENCE__IL	1290	4521	6094
LEE__IL	5528	8612	15489
LIVINGSTON__IL	4023	10208	15269
LOGAN__IL	3313	8181	12401
MCDONOUGH__IL	5288	6795	13092
MCHENRY__IL	60803	71612	141750
MCLEAN__IL	36196	37237	79835
MACON__IL	18343	26866	48060
MACOUPIN__IL	6689	14322	22360
MADISON__IL	50587	70490	130179
MARION__IL	4369	11859	17074
MARSHALL__IL	1789	3785	5984
MASON__IL	2014	4058	6486
MASSAC__IL	1558	4846	6683
MENARD__IL	1817	4231	6515
MERCER__IL	3071	4807	8525
MONROE__IL	5535	12629	19354
MONTGOMERY__IL	3504	8630	12978
MORGAN__IL	4696	9076	14800
MOULTRIE__IL	1481	4455	6283
OGLE__IL	8050	14352	24193
PEORIA__IL	38060	35633	78503
PERRY__IL	2462	6855	9853
PIATT__IL	2645	5634	9008
PIKE__IL	1413	5754	7530
POPE__IL	375	1678	2142
PULASKI__IL	962	1675	2735
PUTNAM__IL	1147	1767	3111
RANDOLPH__IL	3439	10023	14194
RICHLAND__IL	1584	5739	7684
ROCK_ISLAND__IL	32298	26998	63994
ST__CLAIR__IL	60756	53857	120580
SALINE__IL	2572	8276	11384
SANGAMON__IL	40907	49944	98373
SCHUYLER__IL	1075	2524	3828
SCOTT__IL	535	1966	2608
SHELBY__IL	2288	8229	11010
STARK__IL	751	1778	2743
STEPHENSON__IL	7768	11083	20343
TAZEWELL__IL	20685	38707	64400
UNION__IL	2402	5790	8537
VERMILION__IL	10039	19087	30570
WABASH__IL	1151	4047	5464
WARREN__IL	2987	4275	7807
WASHINGTON__IL	1448	5571	7427
WAYNE__IL	1048	6967	8261
WHITE__IL	1412	5640	7335
WHITESIDE__IL	11035	12615	25582
WILL__IL	151927	132720	300904
WILLIAMSON__IL	8581	21570	31852
WINNEBAGO__IL	55713	55624	118376
WOODFORD__IL	5092	13207	19864
ADAMS__IN	2805	9648	13090
ALLEN__IN	55382	83930	147137
BARTHOLOMEW__IN	9841	20640	32490
BENTON__IN	860	2579	3666
BLACKFORD__IN	1243	3350	4839
BOONE__IN	10181	19654	32178
BROWN__IN	2518	5016	7945
CARROLL__IN	1892	6273	8643
CASS__IN	3759	9701	14209
CLARK__IN	18808	30035	51147
CLAY__IN	2306	8531	11282
CLINTON__IN	2819	8531	11936
CRAWFORD__IN	1323	3015	4593
DAVIESS__IN	1800	8545	10768
DEARBORN__IN	4883	18113	23987
DECATUR__IN	2121	8490	11127
DEKALB__IN	3942	12054	16902
DELAWARE__IN	18153	24263	45123
DUBOIS__IN	5389	13365	19984
ELKHART__IN	20740	41867	65630
FAYETTE__IN	2252	6839	9530
FLOYD__IN	13945	21432	37425
FOUNTAIN__IN	1476	5662	7492
FRANKLIN__IN	1969	8669	11013
FULTON__IN	1960	6010	8374
GIBSON__IN	3721	11081	15484
GRANT__IN	7010	17008	25312
GREENE__IN	2929	10277	13801
HAMILTON__IN	57263	87404	154256
HANCOCK__IN	8904	25074	36181
HARRISON__IN	4783	12943	18558
HENDRICKS__IN	22600	48337	75559
HENRY__IN	5124	13895	20155
HOWARD__IN	11215	23675	36843
HUNTINGTON__IN	3506	11649	16043
JACKSON__IN	3843	12859	17573
JASPER__IN	3329	9382	13378
JAY__IN	1889	5697	7986
JEFFERSON__IN	4326	8546	13544
JENNINGS__IN	2364	8224	11150
JOHNSON__IN	17318	45456	66500
KNOX__IN	3772	11077	15516
KOSCIUSKO__IN	6313	23935	32084
LAGRANGE__IN	2080	7025	9566
LAKE__IN	116935	75625	201205
LAPORTE__IN	19798	22687	45203
LAWRENCE__IN	4210	14035	19152
MADISON__IN	18595	32376	53909
MARION__IN	212899	130360	362372
MARSHALL__IN	4798	12288	18082
MARTIN__IN	881	3697	4809
MIAMI__IN	2766	9975	13482
MONROE__IN	34216	20592	58454
MONTGOMERY__IN	3362	11059	15156
MORGAN__IN	6040	23674	31280
NEWTON__IN	1404	4077	5795
NOBLE__IN	3904	12198	16890
OHIO__IN	686	2118	2921
ORANGE__IN	2048	5803	8192
OWEN__IN	1946	6153	8557
PARKE__IN	1441	4863	6582
PERRY__IN	3062	4556	8055
PIKE__IN	1297	4398	5977
PORTER__IN	33676	38832	77190
POSEY__IN	3521	8404	12467
PULASKI__IN	1327	3854	5459
PUTNAM__IN	3356	10637	14715
RANDOLPH__IN	2446	7517	10458
RIPLEY__IN	2471	9806	12810
RUSH__IN	1525	5292	7214
ST__JOSEPH__IN	52252	52021	110060
SCOTT__IN	2642	6074	9101
SHELBY__IN	4247	12718	17994
SPENCER__IN	2861	6572	9979
STARKE__IN	2489	6367	9226
STEUBEN__IN	3744	10133	14566
SULLIVAN__IN	2113	6138	8559
SWITZERLAND__IN	930	2558	3699
TIPPECANOE__IN	27282	30768	62515
TIPTON__IN	1587	5589	7510
UNION__IN	715	2445	3291
VANDERBURGH__IN	28530	40496	72507
VERMILLION__IN	2081	4513	6939
VIGO__IN	15931	21937	39818
WABASH__IN	3018	9821	13468
WARREN__IN	839	2898	3930
WARRICK__IN	9086	19113	29589
WASHINGTON__IN	2636	8209	11382
WAYNE__IN	8322	16028	25579
WELLS__IN	2586	10005	13185
WHITE__IN	2590	6893	10053
WHITLEY__IN	3379	11358	15623
ADAIR__IA	1133	2461	3811
ADAMS__IA	565	1395	2106
ALLAMAKEE__IA	2421	4093	6923
APPANOOSE__IA	1814	4033	6136
AUDUBON__IA	1080	2136	3412
BENTON__IA	4678	8232	13844
BLACK_HAWK__IA	32233	27476	64405
BOONE__IA	5541	7484	14196
BREMER__IA	5356	7208	13538
BUCHANAN__IA	3970	5510	10252
BUENA_VISTA__IA	2856	4903	8278
BUTLER__IA	2157	4921	7513
CALHOUN__IA	1398	3468	5159
CARROLL__IA	3309	6638	10544
CASS__IA	1951	4761	7125
CEDAR__IA	3599	5295	9541
CERRO_GORDO__IA	9862	11621	22965
CHEROKEE__IA	1679	4192	6258
CHICKASAW__IA	2266	3742	6435
CLARKE__IA	1465	2713	4454
CLAY__IA	2249	5877	8617
CLAYTON__IA	3237	5317	9129
CLINTON__IA	10095	11276	23067
CRAWFORD__IA	1991	4617	6935
DALLAS__IA	15701	19339	38252
DAVIS__IA	977	2723	3882
DECATUR__IA	1201	2296	3734
DELAWARE__IA	2957	5694	9241
DES_MOINES__IA	8212	9529	19103
DICKINSON__IA	3056	6753	10354
DUBUQUE__IA	22850	23460	49721
EMMET__IA	1357	3124	4753
FAYETTE__IA	3689	5620	9975
FLOYD__IA	3179	4375	8060
FRANKLIN__IA	1493	3163	4968
FREMONT__IA	963	2407	3595
GREENE__IA	1691	2820	4821
GRUNDY__IA	1856	4527	6872
GUTHRIE__IA	1732	3628	5750
HAMILTON__IA	2726	4463	7694
HANCOCK__IA	1587	3977	5871
HARDIN__IA	2787	5254	8533
HARRISON__IA	2131	4902	7465
HENRY__IA	2904	5779	9404
HOWARD__IA	1677	2611	4559
HUMBOLDT__IA	1252	3568	5087
IDA__IA	792	2655	3612
IOWA__IA	3084	5205	8904
JACKSON__IA	3837	5824	10310
JASPER__IA	7109	10560	19034
JEFFERSON__IA	3710	3748	8156
JOHNSON__IA	50200	21044	76940
JONES__IA	3787	5720	10133
KEOKUK__IA	1342	3390	4985
KOSSUTH__IA	2543	5653	8607
LEE__IA	6215	8803	16151
LINN__IA	58935	48390	117098
LOUISA__IA	1648	3069	5008
LUCAS__IA	1239	2877	4354
LYON__IA	920	5192	6377
MADISON__IA	2678	5360	8636
MAHASKA__IA	2619	7432	10632
MARION__IA	5482	10962	17816
MARSHALL__IA	7652	9146	17980
MILLS__IA	2090	5067	7698
MITCHELL__IA	1888	3190	5417
MONONA__IA	1247	3120	4572
MONROE__IA	1056	2638	3865
MONTGOMERY__IA	1314	3436	5044
MUSCATINE__IA	8368	9584	19434
O_BRIEN__IA	1315	5752	7406
OSCEOLA__IA	552	2531	3213
PAGE__IA	1807	4893	7044
PALO_ALTO__IA	1398	3081	4703
PLYMOUTH__IA	2885	9680	13190
POCAHONTAS__IA	963	2702	3865
POLK__IA	119804	93492	231555
POTTAWATTAMIE__IA	15355	24447	42680
POWESHIEK__IA	4304	4946	9833
RINGGOLD__IA	753	1824	2707
SAC__IA	1270	3703	5212
SCOTT__IA	40440	39149	86220
SHELBY__IA	1662	4362	6370
SIOUX__IA	2300	14785	18194
STORY__IA	25709	19458	50667
TAMA__IA	3196	4971	8752
TAYLOR__IA	758	2111	3029
UNION__IA	1922	3525	5832
VAN_BUREN__IA	845	2527	3561
WAPELLO__IA	5594	8715	15149
WARREN__IA	10411	14814	27300
WASHINGTON__IA	3943	6173	10929
WAYNE__IA	719	2069	2940
WEBSTER__IA	6305	10056	17430
WINNEBAGO__IA	1931	3447	5787
WINNESHIEK__IA	5254	5344	11362
WOODBURY__IA	16210	24727	43718
WORTH__IA	1530	2453	4257
WRIGHT__IA	1896	3800	6026
ALLEN__KS	1433	3651	5454
ANDERSON__KS	672	2435	3350
ATCHISON__KS	1989	4049	6575
BARBER__KS	286	1850	2252
BARTON__KS	1839	7888	10269
BOURBON__KS	1336	4424	6093
BROWN__KS	863	2906	4036
BUTLER__KS	6573	19073	27657
CHASE__KS	316	969	1369
CHAUTAUQUA__KS	197	1236	1481
CHEROKEE__KS	2005	6182	8620
CHEYENNE__KS	181	1173	1407
CLARK__KS	120	825	1005
CLAY__KS	677	2891	3820
CLOUD__KS	761	2919	3930
COFFEY__KS	727	3050	4068
COMANCHE__KS	102	715	867
COWLEY__KS	3551	8270	12621
CRAWFORD__KS	5199	8624	14891
DECATUR__KS	178	1210	1452
DICKINSON__KS	1609	6029	8210
DONIPHAN__KS	587	2606	3378
DOUGLAS__KS	31195	14688	50087
EDWARDS__KS	212	1037	1319
ELK__KS	160	1048	1259
ELLIS__KS	2742	8466	11947
ELLSWORTH__KS	521	1969	2679
FINNEY__KS	3195	6350	10159
FORD__KS	2149	5114	7718
FRANKLIN__KS	2892	7185	10965
GEARY__KS	2722	4274	7504
GOVE__KS	149	1140	1343
GRAHAM__KS	188	1025	1284
GRANT__KS	441	1804	2389
GRAY__KS	263	1698	2066
GREELEY__KS	83	534	650
GREENWOOD__KS	485	2160	2840
HAMILTON__KS	121	705	876
HARPER__KS	393	1996	2578
HARVEY__KS	5068	8668	14916
HASKELL__KS	245	1040	1354
HODGEMAN__KS	124	855	1017
JACKSON__KS	1512	3939	5818
JEFFERSON__KS	2518	5213	8337
JEWELL__KS	180	1223	1494
JOHNSON__KS	129852	137490	290090
KEARNY__KS	174	1075	1316
KINGMAN__KS	599	2530	3334
KIOWA__KS	114	900	1079
LABETTE__KS	2291	5335	8107
LANE__KS	106	718	871
LEAVENWORTH__KS	10209	17638	30301
LINCOLN__KS	215	1179	1464
LINN__KS	736	3484	4427
LOGAN__KS	149	1132	1357
LYON__KS	4649	6552	12288
MCPHERSON__KS	3226	8549	12742
MARION__KS	1204	4003	5624
MARSHALL__KS	1072	3307	4673
MEADE__KS	210	1415	1720
MIAMI__KS	3991	10003	15022
MITCHELL__KS	477	2308	2942
MONTGOMERY__KS	2637	8679	12004
MORRIS__KS	601	1820	2624
MORTON__KS	147	995	1192
NEMAHA__KS	725	4124	5122
NEOSHO__KS	1501	4431	6314
NESS__KS	162	1228	1454
NORTON__KS	281	1840	2234
OSAGE__KS	1753	4826	7046
OSBORNE__KS	233	1460	1788
OTTAWA__KS	424	2283	2903
PAWNEE__KS	579	1904	2661
PHILLIPS__KS	300	2233	2664
POTTAWATOMIE__KS	2225	7612	10693
PRATT__KS	771	2838	3842
RAWLINS__KS	163	1220	1472
RENO__KS	6837	15513	24210
REPUBLIC__KS	375	2024	2529
RICE__KS	695	2837	3804
RILEY__KS	9341	10107	21532
ROOKS__KS	275	2031	2419
RUSH__KS	233	1197	1503
RUSSELL__KS	461	2574	3193
SALINE__KS	6317	13828	22064
SCOTT__KS	236	1865	2202
SEDGWICK__KS	69627	104353	188783
SEWARD__KS	1628	3159	5038
SHAWNEE__KS	33926	35934	75406
SHERIDAN__KS	127	1197	1374
SHERMAN__KS	347	2089	2612
SMITH__KS	297	1661	2042
STAFFORD__KS	304	1490	1896
STANTON__KS	115	492	637
STEVENS__KS	220	1599	1891
SUMNER__KS	2076	6984	9722
THOMAS__KS	473	2908	3576
TREGO__KS	198	1227	1482
WABAUNSEE__KS	776	2372	3380
WALLACE__KS	46	721	798
WASHINGTON__KS	387	2194	2765
WICHITA__KS	140	769	956
WILSON__KS	594	2788	3591
WOODSON__KS	273	1082	1443
WYANDOTTE__KS	30146	15806	48781
ADAIR__KY	1323	6637	8233
ALLEN__KY	1349	6466	8096
ANDERSON__KY	2634	8242	11422
BALLARD__KY	816	3161	4101
BARREN__KY	4275	13483	18488
BATH__KY	1361	3082	4587
BELL__KY	1720	7764	9718
BOONE__KY	15026	39082	57618
BOURBON__KY	2791	5569	8803
BOYD__KY	6021	13591	20454
BOYLE__KY	4281	8040	12946
BRACKEN__KY	705	2711	3527
BREATHITT__KY	1537	3991	5738
BRECKINRIDGE__KY	1960	6484	8774
BULLITT__KY	8255	26210	36069
BUTLER__KY	947	4428	5576
CALDWELL__KY	1260	4507	5975
CALLOWAY__KY	4749	10367	16049
CAMPBELL__KY	14658	25050	42510
CARLISLE__KY	432	2094	2601
CARROLL__KY	1106	2588	3855
CARTER__KY	2276	7587	10278
CASEY__KY	767	5482	6439
CHRISTIAN__KY	7188	14108	22083
CLARK__KY	4706	10710	16205
CLAY__KY	752	5861	6767
CLINTON__KY	547	3809	4462
CRITTENDEN__KY	617	3290	4037
CUMBERLAND__KY	459	2502	3066
DAVIESS__KY	14163	28907	45807
EDMONSON__KY	979	4135	5244
ELLIOTT__KY	740	2000	2855
ESTILL__KY	1108	4236	5545
FAYETTE__KY	69778	56894	136315
FLEMING__KY	1348	4722	6260
FLOYD__KY	4015	11993	16540
FRANKLIN__KY	10717	11819	23865
FULTON__KY	774	1549	2382
GALLATIN__KY	749	2443	3338
GARRARD__KY	1453	5904	7623
GRANT__KY	1910	7268	9559
GRAVES__KY	3308	12671	16606
GRAYSON__KY	1959	8219	10576
GREEN__KY	832	4372	5333
GREENUP__KY	4146	11546	16277
HANCOCK__KY	1244	2788	4295
HARDIN__KY	13944	26971	43156
HARLAN__KY	1372	9129	10757
HARRISON__KY	2031	5435	7781
HART__KY	1730	5320	7264
HENDERSON__KY	6707	12159	19710
HENRY__KY	1828	4944	7149
HICKMAN__KY	449	1657	2157
HOPKINS__KY	4310	15277	20345
JACKSON__KY	482	4889	5501
JEFFERSON__KY	190836	143768	353099
JESSAMINE__KY	6144	15474	23326
JOHNSON__KY	1250	8043	9572
KENTON__KY	24214	42958	71998
KNOTT__KY	1245	4357	5763
KNOX__KY	1761	9885	12012
LARUE__KY	1278	4799	6367
LAUREL__KY	3440	20592	24833
LAWRENCE__KY	1045	4816	6042
LEE__KY	444	2151	2667
LESLIE__KY	400	4015	4492
LETCHER__KY	1542	7293	9134
LEWIS__KY	785	4363	5298
LINCOLN__KY	1865	7338	9561
LIVINGSTON__KY	887	3570	4645
LOGAN__KY	2755	7778	10899
LYON__KY	1045	2789	3962
MCCRACKEN__KY	9134	20774	31307
MCCREARY__KY	664	5012	5776
MCLEAN__KY	988	3381	4566
MADISON__KY	11793	23431	37371
MAGOFFIN__KY	1172	3824	5116
MARION__KY	2679	5122	8111
MARSHALL__KY	3672	12322	16698
MARTIN__KY	363	3503	3953
MASON__KY	1970	4944	7219
MEADE__KY	3026	8660	12231
MENIFEE__KY	700	2010	2779
MERCER__KY	2395	7740	10585
METCALFE__KY	976	3491	4620
MONROE__KY	601	4278	4991
MONTGOMERY__KY	3158	7856	11452
MORGAN__KY	1006	3628	4775
MUHLENBERG__KY	3272	9393	13060
NELSON__KY	6434	13431	20802
NICHOLAS__KY	787	1957	2841
OHIO__KY	2080	7942	10398
OLDHAM__KY	10268	20469	32853
OWEN__KY	1062	3745	5001
OWSLEY__KY	256	1474	1759
PENDLETON__KY	1164	4604	6007
PERRY__KY	2136	8158	10572
PIKE__KY	4280	19747	24665
POWELL__KY	1272	3513	4957
PULASKI__KY	4208	22902	28041
ROBERTSON__KY	222	759	1013
ROCKCASTLE__KY	915	5609	6691
ROWAN__KY	3295	5174	8848
RUSSELL__KY	1093	6863	8174
SCOTT__KY	7715	15052	24200
SHELBY__KY	6276	13196	20580
SIMPSON__KY	2144	5077	7531
SPENCER__KY	1921	7196	9515
TAYLOR__KY	2553	8320	11306
TODD__KY	1042	3612	4779
TRIGG__KY	1587	4931	6751
TRIMBLE__KY	879	2771	3798
UNION__KY	1331	4701	6211
WARREN__KY	16966	28673	48454
WASHINGTON__KY	1420	4013	5636
WAYNE__KY	1431	6371	7992
WEBSTER__KY	1240	4397	5805
WHITLEY__KY	2067	11312	13774
WOLFE__KY	753	1804	2635
WOODFORD__KY	4958	7697	13563
ACADIA__LA	5638	21162	27389
ALLEN__LA	2106	6867	9245
ASCENSION__LA	16476	36143	54678
ASSUMPTION__LA	3931	6714	10904
AVOYELLES__LA	5035	11165	16586
BEAUREGARD__LA	2393	12238	15078
BIENVILLE__LA	3129	3756	7005
BOSSIER__LA	12641	35474	49848
CADDO__LA	53483	49006	105804
CALCASIEU__LA	26296	54191	83785
CALDWELL__LA	788	3822	4692
CAMERON__LA	323	3256	3692
CATAHOULA__LA	1322	3479	4856
CLAIBORNE__LA	2717	3585	6421
CONCORDIA__LA	3272	5477	8872
DE_SOTO__LA	5165	8068	13500
EAST_BATON_ROUGE__LA	102828	84660	196491
EAST_CARROLL__LA	1838	1059	2939
EAST_FELICIANA__LA	4235	5569	10042
EVANGELINE__LA	4208	10360	14882
FRANKLIN__LA	2506	6514	9162
GRANT__LA	1181	7408	8821
IBERIA__LA	10698	20903	32454
IBERVILLE__LA	8324	7320	16043
JACKSON__LA	2139	5169	7464
JEFFERSON__LA	73670	100398	181639
JEFFERSON_DAVIS__LA	3080	10775	14277
LAFAYETTE__LA	32726	68195	105603
LAFOURCHE__LA	8423	31959	41645
LASALLE__LA	605	5836	6569
LINCOLN__LA	7107	10761	18669
LIVINGSTON__LA	6950	48824	57730
MADISON__LA	2744	1927	4732
MOREHOUSE__LA	5155	6502	11852
NATCHITOCHES__LA	7144	8968	16621
ORLEANS__LA	133996	24292	165812
OUACHITA__LA	24428	41734	68017
PLAQUEMINES__LA	3347	6900	10573
POINTE_COUPEE__LA	4764	6789	11761
RAPIDES__LA	18322	36816	56844
RED_RIVER__LA	1938	2391	4422
RICHLAND__LA	3157	6287	9597
SABINE__LA	1703	7879	9787
ST__BERNARD__LA	4960	10237	15815
ST__CHARLES__LA	8559	16621	26192
ST__HELENA__LA	3353	2497	5964
ST__JAMES__LA	6418	5456	12085
ST__JOHN_THE_BAPTIST__LA	12661	7569	20743
ST__LANDRY__LA	17209	21971	39977
ST__MARTIN__LA	8266	16873	25750
ST__MARY__LA	8050	14359	22877
ST__TAMMANY__LA	27717	90915	124392
TANGIPAHOA__LA	16878	33959	52416
TENSAS__LA	1332	1182	2548
TERREBONNE__LA	10665	31902	43896
UNION__LA	2691	7972	10894
VERMILION__LA	4857	20063	25632
VERNON__LA	2665	13471	16633
WASHINGTON__LA	5692	12556	18628
WEBSTER__LA	6260	11542	18145
WEST_BATON_ROUGE__LA	5383	6927	12712
WEST_CARROLL__LA	715	3970	4759
WEST_FELICIANA__LA	2248	3390	5799
WINN__LA	1644	4608	6372
ANDROSCOGGIN__ME	23009	28227	55601
AROOSTOOK__ME	13386	19419	35097
CUMBERLAND__ME	102981	57709	171818
FRANKLIN__ME	7016	7918	16488
HANCOCK__ME	16117	13705	32130
KENNEBEC__ME	29302	31675	66208
KNOX__ME	12443	9148	23147
LINCOLN__ME	10241	9727	21503
OXFORD__ME	12172	16210	31201
PENOBSCOT__ME	32838	41622	80540
PISCATAQUIS__ME	3098	5406	9182
SAGADAHOC__ME	10664	9304	21616
SOMERSET__ME	9092	15001	26064
WALDO__ME	10440	10378	22707
WASHINGTON__ME	6075	9093	16365
YORK__ME	55844	50403	114274
ALLEGANY__MD	7875	21270	30654
ANNE_ARUNDEL__MD	128419	122403	270081
BALTIMORE_COUNTY__MD	218412	149477	390682
CALVERT__MD	18225	26176	47408
CAROLINE__MD	4009	9368	14113
CARROLL__MD	26567	58215	91848
CECIL__MD	13650	28868	45269
CHARLES__MD	49341	25614	78303
DORCHESTER__MD	6245	8413	15225
FREDERICK__MD	56522	59522	125677
GARRETT__MD	2567	10776	14011
HARFORD__MD	47077	77860	133672
HOWARD__MD	102597	47484	162193
KENT__MD	4575	4876	10021
MONTGOMERY__MD	357837	92704	478873
PRINCE_GEORGE_S__MD	344049	32811	390385
QUEEN_ANNE_S__MD	7973	16993	26523
ST_MARY_S__MD	17534	28663	49842
SOMERSET__MD	4196	5341	9900
TALBOT__MD	8653	10724	20553
WASHINGTON__MD	21129	40998	65991
WICOMICO__MD	18050	22198	42547
WORCESTER__MD	9753	17210	28273
BALTIMORE_CITY__MD	202673	25205	239402
BARNSTABLE__MA	72430	54099	133862
BERKSHIRE__MA	43714	16839	64803
BRISTOL__MA	129540	105443	248959
DUKES__MA	8400	2477	11502
ESSEX__MA	222310	136316	379868
FRANKLIN__MA	24478	10364	38177
HAMPDEN__MA	112590	78685	203117
HAMPSHIRE__MA	55367	21790	82956
MIDDLESEX__MA	520360	219793	784034
NANTUCKET__MA	4146	1892	6406
NORFOLK__MA	221819	119723	361562
PLYMOUTH__MA	135513	115369	266863
SUFFOLK__MA	245751	50421	308741
WORCESTER__MA	198778	157682	383705
ALCONA__MI	1732	4201	6198
ALGER__MI	1663	2585	4518
ALLEGAN__MI	18050	34183	55786
ALPENA__MI	4877	9090	14698
ANTRIM__MI	4448	8469	13582
ARENAC__MI	2384	4950	7696
BARAGA__MI	1156	2158	3490
BARRY__MI	9114	19202	30329
BAY__MI	21642	28328	52977
BENZIE__MI	4108	5539	10228
BERRIEN__MI	29495	38647	72031
BRANCH__MI	5061	11786	17663
CALHOUN__MI	24157	31494	58902
CASS__MI	7270	14243	22595
CHARLEVOIX__MI	5137	8674	14589
CHEBOYGAN__MI	4302	8683	13672
CHIPPEWA__MI	5379	9122	15456
CLARE__MI	4249	8505	13389
CLINTON__MI	16492	21636	40655
CRAWFORD__MI	2110	4354	6844
DELTA__MI	6436	11121	18492
DICKINSON__MI	3923	8580	13165
EATON__MI	24938	27609	56221
EMMET__MI	6972	10616	18802
GENESEE__MI	102751	84175	196296
GLADWIN__MI	3794	8124	12472
GOGEBIC__MI	2925	4018	7329
GRAND_TRAVERSE__MI	20965	27413	51589
GRATIOT__MI	5666	9880	16465
HILLSDALE__MI	4799	14095	19940
HOUGHTON__MI	6018	8475	15624
HURON__MI	4579	10692	15917
INGHAM__MI	79110	43868	131138
IONIA__MI	8352	16635	26854
IOSCO__MI	4345	8345	13361
IRON__MI	2004	3675	5910
ISABELLA__MI	11404	12338	25392
JACKSON__MI	25795	39793	69677
KALAMAZOO__MI	67148	51034	126299
KALKASKA__MI	2280	6116	8833
KENT__MI	138683	148180	308184
KEWEENAW__MI	527	814	1434
LAKE__MI	1939	3159	5328
LAPEER__MI	12734	30037	45183
LEELANAU__MI	6774	7239	14757
LENAWEE__MI	16750	26430	45939
LIVINGSTON__MI	34384	65680	105866
LUCE__MI	681	1756	2579
MACKINAC__MI	2085	3744	6097
MACOMB__MI	176317	224665	419312
MANISTEE__MI	4979	6915	12599
MARQUETTE__MI	16042	14646	32976
MASON__MI	5281	8505	14685
MECOSTA__MI	5827	10305	17168
MENOMINEE__MI	3539	6702	10768
MIDLAND__MI	15635	23846	42506
MISSAUKEE__MI	1565	5386	7317
MONROE__MI	26863	43261	74218
MONTCALM__MI	7874	16907	26609
MONTMORENCY__MI	1287	3498	5009
MUSKEGON__MI	37304	36127	78088
NEWAYGO__MI	6212	15173	22640
OAKLAND__MI	343070	289203	664614
OCEANA__MI	3973	7228	11930
OGEMAW__MI	3030	6827	10387
ONTONAGON__MI	1176	2066	3426
OSCEOLA__MI	2705	7336	10609
OSCODA__MI	1044	2843	4073
OTSEGO__MI	3556	8266	12538
OTTAWA__MI	44973	88467	142734
PRESQUE_ISLE__MI	2400	4488	7218
ROSCOMMON__MI	4287	8141	13041
SAGINAW__MI	44396	45469	94320
ST__CLAIR__MI	24553	49051	78003
ST__JOSEPH__MI	7526	14884	23757
SANILAC__MI	4873	13446	19249
SCHOOLCRAFT__MI	1369	2556	4154
SHIAWASSEE__MI	12546	19230	34111
TUSCOLA__MI	7429	17102	25796
VAN_BUREN__MI	13258	17890	33274
WASHTENAW__MI	128483	50631	188578
WAYNE__MI	519444	228993	777838
WEXFORD__MI	4436	10000	15298
AITKIN__MN	3134	5516	9231
ANOKA__MN	75500	93339	185758
BECKER__MN	5208	10880	17222
BELTRAMI__MN	8688	10783	21564
BENTON__MN	5640	12872	20058
BIG_STONE__MN	921	1608	2755
BLUE_EARTH__MN	14428	15667	33593
BROWN__MN	3763	8708	13779
CARLTON__MN	8460	8160	18211
CARVER__MN	21508	29056	55696
CASS__MN	4949	9982	15999
CHIPPEWA__MN	1978	3764	6222
CHISAGO__MN	9278	18441	30228
CLAY__MN	12971	13543	29398
CLEARWATER__MN	1100	2925	4245
COOK__MN	1912	1156	3395
COTTONWOOD__MN	1678	3679	5721
CROW_WING__MN	10982	22287	35842
DAKOTA__MN	110483	99583	231440
DODGE__MN	3102	6527	10654
DOUGLAS__MN	6227	13966	21785
FARIBAULT__MN	2153	4659	7412
FILLMORE__MN	3872	6271	11055
FREEBORN__MN	6041	8808	16051
GOODHUE__MN	9446	14041	25717
GRANT__MN	1105	2063	3473
HENNEPIN__MN	429288	191770	679977
HOUSTON__MN	4145	5616	10604
HUBBARD__MN	3423	7261	11505
ISANTI__MN	5657	13635	21016
ITASCA__MN	9015	12920	23880
JACKSON__MN	1492	3609	5484
KANABEC__MN	2327	5230	8177
KANDIYOHI__MN	7266	12785	21772
KITTSON__MN	823	1349	2385
KOOCHICHING__MN	2306	3569	6363
LAC_QUI_PARLE__MN	1305	2293	3860
LAKE__MN	3077	2932	6521
LAKE_OF_THE_WOODS__MN	553	1540	2242
LE_SUEUR__MN	4623	9182	14971
LINCOLN__MN	860	1931	3019
LYON__MN	3825	7256	12215
MCLEOD__MN	4978	12155	18807
MAHNOMEN__MN	930	991	2088
MARSHALL__MN	1225	3208	4817
MARTIN__MN	2733	7062	10531
MEEKER__MN	3191	8104	12282
MILLE_LACS__MN	3710	8340	13017
MORRISON__MN	3637	12925	17614
MOWER__MN	7437	8823	17715
MURRAY__MN	1295	2974	4668
NICOLLET__MN	7886	8437	18097
NOBLES__MN	2733	5299	8632
NORMAN__MN	1264	1699	3261
OLMSTED__MN	36268	35668	80129
OTTER_TAIL__MN	9340	20939	32500
PENNINGTON__MN	2147	4000	6715
PINE__MN	4580	8191	13811
PIPESTONE__MN	1127	3338	4808
POLK__MN	4712	8979	14796
POPE__MN	2106	3793	6319
RAMSEY__MN	177738	70894	273143
RED_LAKE__MN	540	1141	1881
REDWOOD__MN	1887	5137	7611
RENVILLE__MN	2117	4890	7606
RICE__MN	14437	15429	32443
ROCK__MN	1373	3091	4839
ROSEAU__MN	1856	5451	7804
ST__LOUIS__MN	57771	44630	112422
SCOTT__MN	28502	39948	75029
SHERBURNE__MN	13293	31053	48283
SIBLEY__MN	1954	5193	7774
STEARNS__MN	25576	47617	79592
STEELE__MN	6241	11198	19179
STEVENS__MN	2116	2799	5398
SWIFT__MN	1686	2963	4994
TODD__MN	2783	8485	11993
TRAVERSE__MN	630	1049	1798
WABASHA__MN	3866	6989	11832
WADENA__MN	1684	4837	6934
WASECA__MN	2838	5967	9653
WASHINGTON__MN	67086	64428	144235
WATONWAN__MN	1814	2768	4998
WILKIN__MN	893	2129	3302
WINONA__MN	11366	12122	26074
WRIGHT__MN	20334	43274	69618
YELLOW_MEDICINE__MN	1524	3382	5276
ADAMS__MS	7757	5874	13836
ALCORN__MS	2684	11819	14783
AMITE__MS	2697	4289	7050
ATTALA__MS	3242	4897	8256
BENTON__MS	1719	2251	4013
BOLIVAR__MS	9046	4590	13824
CALHOUN__MS	1910	4390	6396
CARROLL__MS	1680	3799	5528
CHICKASAW__MS	3649	4127	7890
CHOCTAW__MS	1218	2788	4065
CLAIBORNE__MS	3708	540	4272
CLARKE__MS	2585	5137	7791
CLAY__MS	5722	4150	10003
COAHOMA__MS	6378	2426	8912
COPIAH__MS	6741	6103	12982
COVINGTON__MS	3276	5435	8811
DESOTO__MS	20591	43089	65695
FORREST__MS	11716	15461	28064
FRANKLIN__MS	1502	2721	4290
GEORGE__MS	1027	8696	9891
GREENE__MS	974	4335	5369
GRENADA__MS	4424	5970	10513
HANCOCK__MS	3344	13811	17637
HARRISON__MS	21169	40354	63313
HINDS__MS	67594	25275	94681
HOLMES__MS	6689	1309	8076
HUMPHREYS__MS	3071	1151	4253
ISSAQUENA__MS	395	298	699
ITAWAMBA__MS	1117	8470	9737
JACKSON__MS	14657	33629	49567
JASPER__MS	4368	4038	8475
JEFFERSON__MS	3337	490	3860
JEFFERSON_DAVIS__MS	3720	2466	6237
JONES__MS	7791	20133	28352
KEMPER__MS	2827	1778	4639
LAFAYETTE__MS	7969	10872	19643
LAMAR__MS	5190	18751	24592
LAUDERDALE__MS	11269	17741	29506
LAWRENCE__MS	2195	4091	6364
LEAKE__MS	3584	4782	8449
LEE__MS	10029	22220	32913
LEFLORE__MS	7787	3212	11140
LINCOLN__MS	4458	10550	15193
LOWNDES__MS	11819	13271	25575
MADISON__MS	20343	28265	49802
MARION__MS	3677	7836	11693
MARSHALL__MS	8023	6587	14839
MONROE__MS	5524	10167	15884
MONTGOMERY__MS	2115	2818	4996
NESHOBA__MS	2715	7679	10553
NEWTON__MS	2756	6548	9438
NOXUBEE__MS	4347	1200	5574
OKTIBBEHA__MS	8859	8576	18124
PANOLA__MS	7431	7449	15064
PEARL_RIVER__MS	3604	17782	21883
PERRY__MS	1220	4135	5432
PIKE__MS	8043	8009	16310
PONTOTOC__MS	2386	10336	12984
PRENTISS__MS	2067	7648	9872
QUITMAN__MS	2312	1001	3365
RANKIN__MS	14110	47178	62768
SCOTT__MS	4268	6122	10522
SHARKEY__MS	1479	692	2190
SIMPSON__MS	3874	7393	11419
SMITH__MS	1617	5928	7627
STONE__MS	1573	5306	7045
SUNFLOWER__MS	6725	2794	9598
TALLAHATCHIE__MS	3337	2462	5870
TATE__MS	3926	7495	11627
TIPPAH__MS	1842	7240	9235
TISHOMINGO__MS	999	7166	8371
TUNICA__MS	2667	853	3567
UNION__MS	2012	9235	11496
WALTHALL__MS	2790	4056	6919
WARREN__MS	9284	9767	19416
WASHINGTON__MS	11380	5244	16825
WAYNE__MS	3524	5990	9599
WEBSTER__MS	1019	3976	5069
WILKINSON__MS	2857	1318	4218
WINSTON__MS	3850	4910	8881
YALOBUSHA__MS	2582	3376	6077
YAZOO__MS	5369	4598	10070
ADAIR__MO	3500	6030	10226
ANDREW__MO	2045	6665	9140
ATCHISON__MO	541	2060	2724
AUDRAIN__MO	2570	6981	10061
BARRY__MO	2710	11428	14605
BARTON__MO	795	4959	5939
BATES__MO	1618	6001	8023
BENTON__MO	2025	7213	9312
BOLLINGER__MO	705	4827	5676
BOONE__MO	41125	36200	83868
BUCHANAN__MO	12013	21320	35659
BUTLER__MO	3036	13650	17259
CALDWELL__MO	838	3232	4312
CALLAWAY__MO	4989	13057	19193
CAMDEN__MO	4768	16944	22514
CAPE_GIRARDEAU__MO	8492	27017	37038
CARROLL__MO	745	3480	4361
CARTER__MO	436	2324	2844
CASS__MO	14846	33098	50990
CEDAR__MO	1011	5021	6288
CHARITON__MO	888	2950	3969
CHRISTIAN__MO	8508	30946	41531
CLARK__MO	724	2458	3215
CLAY__MO	45304	57476	110176
CLINTON__MO	2572	7067	10208
COLE__MO	10913	24616	37374
COOPER__MO	1932	5624	7986
CRAWFORD__MO	1824	7724	9696
DADE__MO	637	3184	3951
DALLAS__MO	1272	5895	7453
DAVIESS__MO	730	2767	3593
DEKALB__MO	824	3540	4594
DENT__MO	978	5600	6791
DOUGLAS__MO	984	5486	6666
DUNKLIN__MO	2360	8026	10578
FRANKLIN__MO	12341	35430	50113
GASCONADE__MO	1520	5670	7445
GENTRY__MO	605	2304	3043
GREENE__MO	42728	78035	129231
GRUNDY__MO	780	3462	4310
HARRISON__MO	574	2965	3689
HENRY__MO	2357	7075	9866
HICKORY__MO	1016	3542	4724
HOLT__MO	347	1926	2355
HOWARD__MO	1283	3277	4868
HOWELL__MO	2881	13893	17455
IRON__MO	933	3173	4269
JACKSON__MO	71237	91557	173275
JASPER__MO	10572	35070	48326
JEFFERSON__MO	31568	69036	106238
JOHNSON__MO	5930	13719	21132
KNOX__MO	379	1416	1870
LACLEDE__MO	2553	12881	16051
LAFAYETTE__MO	4053	10988	15876
LAWRENCE__MO	2901	13089	16715
LEWIS__MO	934	3344	4456
LINCOLN__MO	5575	18159	24962
LINN__MO	1240	4088	5587
LIVINGSTON__MO	1265	4879	6421
MCDONALD__MO	1329	6599	8242
MACON__MO	1548	5798	7621
MADISON__MO	1005	4102	5321
MARIES__MO	794	3561	4500
MARION__MO	2994	9419	12938
MERCER__MO	216	1486	1745
MILLER__MO	1750	9285	11416
MISSISSIPPI__MO	1458	3600	5169
MONITEAU__MO	1237	5347	6830
MONROE__MO	853	3159	4156
MONTGOMERY__MO	1119	4127	5429
MORGAN__MO	1768	6760	8821
NEW_MADRID__MO	1933	5270	7357
NEWTON__MO	4990	20553	26606
NODAWAY__MO	2529	6380	9458
OREGON__MO	865	3671	4668
OSAGE__MO	998	5856	7090
OZARK__MO	724	3639	4505
PEMISCOT__MO	1947	3964	6027
PERRY__MO	1520	6908	8740
PETTIS__MO	4324	12810	18111
PHELPS__MO	4766	12709	18553
PIKE__MO	1806	5274	7382
PLATTE__MO	20057	25933	48885
POLK__MO	2631	10438	13763
PULASKI__MO	2922	9876	13488
PUTNAM__MO	353	1936	2346
RALLS__MO	1138	3969	5266
RANDOLPH__MO	2283	7529	10309
RAY__MO	3090	7104	10869
REYNOLDS__MO	540	2406	3038
RIPLEY__MO	830	4522	5524
ST__CHARLES__MO	68626	121650	201005
ST__CLAIR__MO	936	3501	4630
SAINTE_GENEVIEVE__MO	2542	5496	8469
ST__FRANCOIS__MO	6250	17468	24728
ST__LOUIS_CO___MO	286704	202434	514858
SALINE__MO	2789	5977	9274
SCHUYLER__MO	354	1505	1936
SCOTLAND__MO	365	1525	1968
SCOTT__MO	3575	13168	17256
SHANNON__MO	776	2966	3904
SHELBY__MO	606	2524	3255
STODDARD__MO	1876	11079	13291
STONE__MO	2887	13158	16567
SULLIVAN__MO	526	1884	2486
TANEY__MO	4373	18276	23515
TEXAS__MO	1728	8875	10956
VERNON__MO	1707	6533	8599
WARREN__MO	3915	11111	15784
WASHINGTON__MO	1926	7048	9282
WAYNE__MO	948	4658	5655
WEBSTER__MO	3177	12840	16743
WORTH__MO	195	808	1046
WRIGHT__MO	1170	6707	8119
ST__LOUIS__MO	104235	20832	131191
BEAVERHEAD__MT	1143	3353	4849
BIG_HORN__MT	2094	1853	4237
BLAINE__MT	1202	1268	2684
BROADWATER__MT	573	2348	3133
CARBON__MT	1828	3748	5991
CARTER__MT	70	678	786
CASCADE__MT	12175	19632	34571
CHOUTEAU__MT	732	1679	2603
CUSTER__MT	1176	3657	5185
DANIELS__MT	168	730	962
DAWSON__MT	787	3320	4374
DEER_LODGE__MT	2058	1763	4206
FALLON__MT	154	1279	1484
FERGUS__MT	1202	4269	5840
FLATHEAD__MT	13293	30240	46571
GALLATIN__MT	24246	23802	53819
GARFIELD__MT	34	653	718
GLACIER__MT	3121	1620	5075
GOLDEN_VALLEY__MT	71	365	474
GRANITE__MT	472	1192	1777
HILL__MT	2371	3478	6445
JEFFERSON__MT	1998	4177	6714
JUDITH_BASIN__MT	235	872	1208
LAKE__MT	4776	7530	13181
LEWIS_AND_CLARK__MT	14478	16895	34478
LIBERTY__MT	206	698	961
LINCOLN__MT	2041	6729	9330
MCCONE__MT	154	862	1060
MADISON__MT	1180	3297	4778
MEAGHER__MT	193	729	977
MINERAL__MT	519	1330	2012
MISSOULA__MT	31543	22250	59203
MUSSELSHELL__MT	332	1967	2441
PARK__MT	3595	4980	9359
PETROLEUM__MT	30	278	322
PHILLIPS__MT	318	1723	2171
PONDERA__MT	738	1799	2723
POWDER_RIVER__MT	127	884	1053
POWELL__MT	551	2029	2794
PRAIRIE__MT	100	556	689
RAVALLI__MT	6223	14810	22556
RICHLAND__MT	671	3908	4871
ROOSEVELT__MT	1560	1797	3652
ROSEBUD__MT	987	2253	3453
SANDERS__MT	1218	4286	5953
SHERIDAN__MT	477	1241	1835
SILVER_BOW__MT	8619	6376	16452
STILLWATER__MT	908	3661	4873
SWEET_GRASS__MT	402	1595	2107
TETON__MT	808	2170	3188
TOOLE__MT	402	1497	2037
TREASURE__MT	59	351	443
VALLEY__MT	886	2698	3894
WHEATLAND__MT	179	702	946
WIBAUX__MT	55	463	541
YELLOWSTONE__MT	22171	40920	69108
ADAMS__NE	3302	9287	13513
ANTELOPE__NE	383	2732	3281
ARTHUR__NE	17	244	273
BANNER__NE	19	357	402
BLAINE__NE	30	276	317
BOONE__NE	414	2299	2905
BOX_BUTTE__NE	965	3617	4924
BOYD__NE	128	983	1156
BROWN__NE	153	1385	1597
BUFFALO__NE	4763	14569	21129
BURT__NE	930	2367	3558
BUTLER__NE	691	3079	3981
CASS__NE	3484	8452	12933
CEDAR__NE	571	3532	4420
CHASE__NE	171	1648	1898
CHERRY__NE	317	2623	3118
CHEYENNE__NE	711	3665	4711
CLAY__NE	477	2422	3065
COLFAX__NE	859	2171	3214
CUMING__NE	719	3122	4074
CUSTER__NE	641	4695	5652
DAKOTA__NE	2314	3616	6279
DAWES__NE	801	2632	3676
DAWSON__NE	2136	5984	8635
DEUEL__NE	120	809	984
DIXON__NE	556	2041	2782
DODGE__NE	4544	9933	15529
DOUGLAS__NE	113798	108077	240433
DUNDY__NE	89	823	953
FILLMORE__NE	613	2130	2941
FRANKLIN__NE	250	1347	1673
FRONTIER__NE	161	1110	1328
FURNAS__NE	304	1921	2340
GAGE__NE	2935	6380	10048
GARDEN__NE	153	869	1075
GARFIELD__NE	121	821	980
GOSPER__NE	166	794	1010
GRANT__NE	20	367	405
GREELEY__NE	210	912	1175
HALL__NE	6282	14408	22060
HAMILTON__NE	878	3783	5004
HARLAN__NE	254	1496	1832
HAYES__NE	30	472	514
HITCHCOCK__NE	161	1232	1468
HOLT__NE	531	4354	5118
HOOKER__NE	40	355	417
HOWARD__NE	544	2284	2994
JEFFERSON__NE	837	2399	3494
JOHNSON__NE	563	1355	2089
KEARNEY__NE	550	2531	3296
KEITH__NE	571	3235	4034
KEYA_PAHA__NE	40	460	519
KIMBALL__NE	230	1330	1677
KNOX__NE	720	3188	4115
LANCASTER__NE	61898	61588	136223
LINCOLN__NE	2913	12164	16131
LOGAN__NE	32	400	453
LOUP__NE	48	323	385
MCPHERSON__NE	14	257	287
MADISON__NE	2711	10628	14343
MERRICK__NE	602	2926	3788
MORRILL__NE	284	1802	2209
NANCE__NE	281	1261	1621
NEMAHA__NE	785	2116	3161
NUCKOLLS__NE	353	1726	2205
OTOE__NE	2025	4860	7457
PAWNEE__NE	279	974	1327
PERKINS__NE	161	1217	1455
PHELPS__NE	572	3849	4695
PIERCE__NE	382	3052	3630
PLATTE__NE	2646	10965	14433
POLK__NE	413	2028	2582
RED_WILLOW__NE	645	4258	5170
RICHARDSON__NE	818	2769	3805
ROCK__NE	70	687	798
SALINE__NE	1733	3004	5136
SARPY__NE	28033	45143	80580
SAUNDERS__NE	2523	7555	10860
SCOTTS_BLUFF__NE	3207	10076	14317
SEWARD__NE	1875	5454	7922
SHERIDAN__NE	287	2211	2608
SHERMAN__NE	340	1150	1573
SIOUX__NE	81	616	736
STANTON__NE	417	2187	2801
THAYER__NE	499	2051	2690
THOMAS__NE	30	344	393
THURSTON__NE	919	1043	2088
VALLEY__NE	339	1780	2205
WASHINGTON__NE	2623	7424	10832
WAYNE__NE	835	2693	3776
WEBSTER__NE	306	1330	1708
WHEELER__NE	62	377	465
YORK__NE	1186	4700	6381
CHURCHILL__NV	2210	7830	10938
CLARK__NV	402227	320057	767156
DOUGLAS__NV	8454	17415	27885
ELKO__NV	3401	13551	18559
ESMERALDA__NV	65	329	423
EUREKA__NV	74	723	854
HUMBOLDT__NV	1386	4521	6433
LANDER__NV	403	1828	2413
LINCOLN__NV	285	1671	2132
LYON__NV	6146	16005	23762
MINERAL__NV	637	1179	1997
NYE__NV	5094	13324	19595
PERSHING__NV	430	1403	1982
STOREY__NV	752	1616	2558
WASHOE__NV	97379	94758	209909
WHITE_PINE__NV	707	2723	3773
CARSON_CITY__NV	9610	13125	25016
BELKNAP__NH	13517	19315	35045
CARROLL__NH	12987	14635	29616
CHESHIRE__NH	22064	16876	41895
COOS__NH	6563	7952	15627
GRAFTON__NH	28510	19010	51191
HILLSBOROUGH__NH	99589	100013	214157
MERRIMACK__NH	40198	37674	83648
ROCKINGHAM__NH	79994	90447	181434
STRAFFORD__NH	34894	29072	69000
SULLIVAN__NH	10210	10796	22683
ATLANTIC__NJ	60924	52690	117291
BERGEN__NJ	231211	175529	419296
BURLINGTON__NJ	121725	89272	218943
CAMDEN__NJ	146717	72631	226592
CAPE_MAY__NJ	18750	28446	48722
CUMBERLAND__NJ	27771	24453	54004
ESSEX__NJ	240837	63176	310934
GLOUCESTER__NJ	66870	67544	139542
HUDSON__NJ	163917	49043	219375
HUNTERDON__NJ	28898	38712	70836
MERCER__NJ	104775	46193	156529
MIDDLESEX__NJ	193044	122953	326102
MONMOUTH__NJ	137181	166723	314377
MORRIS__NJ	115249	126071	250416
OCEAN__NJ	87150	179079	274362
PASSAIC__NJ	116759	72902	194802
SALEM__NJ	11904	16381	29494
SOMERSET__NJ	85689	65505	157092
SUSSEX__NJ	24212	46658	74126
UNION__NJ	147414	68114	221975
WARREN__NJ	17281	29858	49236
BERNALILLO__NM	143417	94698	274662
CATRON__NM	427	1464	2049
CHAVES__NM	5534	12872	20271
CIBOLA__NM	3741	3195	8063
COLFAX__NM	2129	2585	5332
CURRY__NM	3121	9035	13370
DE_BACA__NM	193	620	910
DONA_ANA__NM	37947	25374	70648
EDDY__NM	5033	13147	19667
GRANT__NM	6276	5288	12811
GUADALUPE__NM	970	595	1827
HARDING__NM	156	311	527
HIDALGO__NM	784	910	1872
LEA__NM	3930	12495	17712
LINCOLN__NM	2331	5896	8902
LOS_ALAMOS__NM	5562	3359	10885
LUNA__NM	3195	3478	7295
MCKINLEY__NM	13576	5104	21703
MORA__NM	1536	665	2441
OTERO__NM	6124	11887	20060
QUAY__NM	1017	2212	3572
RIO_ARRIBA__NM	9592	3599	14878
ROOSEVELT__NM	1454	3884	5950
SANDOVAL__NM	27707	25905	61690
SAN_JUAN__NM	12865	27946	46110
SAN_MIGUEL__NM	7285	2313	10751
SANTA_FE__NM	50793	14332	71434
SIERRA__NM	1612	3010	5181
SOCORRO__NM	3313	2616	6868
TAOS__NM	10668	2727	15260
TORRANCE__NM	1785	3714	6324
UNION__NM	320	1216	1702
VALENCIA__NM	10841	13215	27592
KANSAS__MO	97735	24654	128601
ALBANY__NY	83077	47810	139830
ALLEGANY__NY	4882	12525	18692
BRONX__NY	353646	37797	399522
BROOME__NY	39212	40943	86072
CATTARAUGUS__NY	9497	19692	31161
CAYUGA__NY	13522	17384	33172
CHAUTAUQUA__NY	19091	31594	54234
CHEMUNG__NY	13757	20097	36119
CHENANGO__NY	6775	11921	20160
CLINTON__NY	15059	14449	32105
COLUMBIA__NY	15284	13756	30902
CORTLAND__NY	8771	9900	20244
DELAWARE__NY	6627	11942	19792
DUTCHESS__NY	62261	61797	130934
ERIE__NY	215456	188303	423625
ESSEX__NY	7762	7958	17218
FRANKLIN__NY	7297	8221	16952
FULTON__NY	6496	13462	21214
GENESEE__NY	7650	16915	26432
GREENE__NY	7405	13073	22050
HAMILTON__NY	949	2064	3225
HERKIMER__NY	8083	16699	26255
JEFFERSON__NY	13809	21763	38236
KINGS__NY	640553	141044	805605
LEWIS__NY	3146	7400	11325
LIVINGSTON__NY	10697	17290	30031
MADISON__NY	11667	15936	30064
MONROE__NY	188592	136582	347790
MONTGOMERY__NY	6595	11301	19054
NASSAU__NY	326088	288313	636967
NEW_YORK__NY	579013	64929	668939
NIAGARA__NY	35559	51961	92402
ONEIDA__NY	33743	51437	91009
ONONDAGA__NY	112337	83649	208440
ONTARIO__NY	22233	26029	52258
ORANGE__NY	68278	76645	152021
ORLEANS__NY	4470	10936	16380
OSWEGO__NY	17095	27688	48180
OTSEGO__NY	10451	13308	25668
PUTNAM__NY	19366	27024	48563
QUEENS__NY	517220	149341	686393
RENSSELAER__NY	32717	33726	71562
RICHMOND__NY	74143	101437	180960
ROCKLAND__NY	69342	60911	135087
ST__LAWRENCE__NY	16488	19942	39158
SARATOGA__NY	50913	54575	114094
SCHENECTADY__NY	33747	28953	67280
SCHOHARIE__NY	4240	8831	14050
SCHUYLER__NY	3091	5050	8772
SENECA__NY	5697	7236	13980
STEUBEN__NY	12526	26831	42002
SUFFOLK__NY	303951	350570	681254
SULLIVAN__NY	12568	15931	29955
TIOGA__NY	7526	13260	22299
TOMPKINS__NY	28890	10371	42678
ULSTER__NY	42101	34006	81355
WARREN__NY	13091	15751	31408
WASHINGTON__NY	9098	13610	24528
WAYNE__NY	13473	23380	39687
WESTCHESTER__NY	272926	131238	420655
WYOMING__NY	3904	12442	17298
YATES__NY	3659	5660	10066
ALAMANCE__NC	29833	38815	71157
ALEXANDER__NC	3767	13893	18271
ALLEGHANY__NC	1306	3814	5315
ANSON__NC	5859	4506	10545
ASHE__NC	3500	9412	13424
AVERY__NC	1689	6298	8249
BEAUFORT__NC	8764	14543	23938
BERTIE__NC	5778	3456	9347
BLADEN__NC	7058	8550	15897
BRUNSWICK__NC	23282	42720	68351
BUNCOMBE__NC	75452	55716	138947
BURKE__NC	11251	26238	38920
CABARRUS__NC	35521	53819	93289
CALDWELL__NC	8425	26621	36320
CAMDEN__NC	1274	3546	5006
CARTERET__NC	9939	26569	37781
CASWELL__NC	4792	6026	11070
CATAWBA__NC	21216	48324	72351
CHATHAM__NC	21065	17105	39849
CHEROKEE__NC	2860	10844	14181
CHOWAN__NC	2992	4014	7228
CLAY__NC	1367	4437	6010
CLEVELAND__NC	14964	28479	44673
COLUMBUS__NC	9063	14272	23732
CRAVEN__NC	17630	27731	47001
CUMBERLAND__NC	71605	51265	127506
CURRITUCK__NC	2913	9163	12669
DARE__NC	7222	11460	19609
DAVIDSON__NC	18109	54317	74856
DAVIE__NC	5270	15602	21756
DUPLIN__NC	8283	12217	20856
DURHAM__NC	121250	28350	156134
EDGECOMBE__NC	16224	8261	24886
FORSYTH__NC	94464	75975	178312
FRANKLIN__NC	12874	16368	30368
GASTON__NC	31177	61798	96431
GATES__NC	2385	2874	5392
GRAHAM__NC	768	3283	4168
GRANVILLE__NC	12909	13591	27353
GREENE__NC	3605	4374	8095
GUILFORD__NC	149248	98062	257405
HALIFAX__NC	15748	9031	25167
HARNETT__NC	16737	27614	46065
HAYWOOD__NC	10473	18929	30727
HENDERSON__NC	19827	35809	58176
HERTFORD__NC	6910	3099	10186
HOKE__NC	9726	7760	18230
HYDE__NC	965	1288	2304
IREDELL__NC	24734	54754	82567
JACKSON__NC	7713	9870	18713
JOHNSTON__NC	28362	54372	85909
JONES__NC	2065	2974	5135
LEE__NC	10469	13712	25084
LENOIR__NC	12634	13613	26807
LINCOLN__NC	9897	28806	40023
MCDOWELL__NC	4667	14568	19875
MACON__NC	4876	12127	17734
MADISON__NC	3926	6783	11269
MARTIN__NC	5846	5897	11964
MECKLENBURG__NC	294562	155518	472857
MITCHELL__NC	1596	6282	8096
MONTGOMERY__NC	4150	7130	11540
MOORE__NC	16329	30490	48692
NASH__NC	23235	23319	47665
NEW_HANOVER__NC	50979	55344	111905
NORTHAMPTON__NC	6144	3582	9848
ONSLOW__NC	17514	37122	57135
ORANGE__NC	59923	18557	82340
PAMLICO__NC	2448	4258	6870
PASQUOTANK__NC	8615	8180	17391
PENDER__NC	9354	17639	27885
PERQUIMANS__NC	2319	4177	6708
PERSON__NC	7833	11185	19615
PITT__NC	41824	35691	80527
POLK__NC	3735	6768	10934
RANDOLPH__NC	13194	49430	64575
RICHMOND__NC	8501	10383	19328
ROBESON__NC	19016	20762	40858
ROCKINGHAM__NC	14228	26830	42278
ROWAN__NC	19400	42810	64369
RUTHERFORD__NC	7512	21871	30307
SAMPSON__NC	10547	14838	25928
SCOTLAND__NC	7319	6256	13928
STANLY__NC	7094	21964	29917
STOKES__NC	4665	17116	22550
SURRY__NC	7488	23671	32196
SWAIN__NC	2196	3565	6124
TRANSYLVANIA__NC	6558	10520	17869
TYRRELL__NC	720	975	1739
UNION__NC	34337	66707	105710
VANCE__NC	12229	7332	19977
WAKE__NC	302736	196082	527624
WARREN__NC	6413	3214	9842
WASHINGTON__NC	3510	2564	6165
WATAUGA__NC	14138	13697	29985
WAYNE__NC	21770	27540	50689
WILKES__NC	6638	23752	31296
WILSON__NC	19663	17531	38135
YADKIN__NC	3160	13880	17624
YANCEY__NC	3196	6385	9960
ADAMS__ND	216	909	1218
BARNES__ND	1597	3160	5344
BENSON__ND	842	929	2011
BILLINGS__ND	59	495	605
BOTTINEAU__ND	736	2494	3494
BOWMAN__ND	227	1446	1787
BURKE__ND	119	895	1052
BURLEIGH__ND	10881	32532	47979
CASS__ND	31361	39816	80821
CAVALIER__ND	476	1357	2006
DICKEY__ND	554	1667	2407
DIVIDE__ND	245	867	1219
DUNN__ND	358	1771	2243
EDDY__ND	355	791	1231
EMMONS__ND	215	1677	1981
FOSTER__ND	347	1241	1719
GOLDEN_VALLEY__ND	99	796	957
GRAND_FORKS__ND	10851	16340	30365
GRANT__ND	185	1108	1381
GRIGGS__ND	298	847	1265
HETTINGER__ND	168	1050	1296
KIDDER__ND	179	1111	1376
LAMOURE__ND	502	1481	2151
LOGAN__ND	114	888	1067
MCHENRY__ND	490	2050	2820
MCINTOSH__ND	235	1100	1446
MCKENZIE__ND	698	3670	4672
MCLEAN__ND	1081	3860	5315
MERCER__ND	621	3759	4682
MORTON__ND	3080	11336	15832
MOUNTRAIL__ND	1220	2582	4106
NELSON__ND	536	1025	1717
OLIVER__ND	119	830	1017
PEMBINA__ND	681	2208	3153
PIERCE__ND	431	1437	2071
RAMSEY__ND	1505	3217	5305
RANSOM__ND	838	1210	2359
RENVILLE__ND	201	993	1293
RICHLAND__ND	2064	4767	7592
ROLETTE__ND	2099	1217	3755
SARGENT__ND	694	1088	1997
SHERIDAN__ND	95	650	787
SIOUX__ND	758	260	1232
SLOPE__ND	43	362	430
STARK__ND	1753	9755	12322
STEELE__ND	361	538	999
STUTSMAN__ND	2498	6718	10155
TOWNER__ND	305	733	1157
TRAILL__ND	1241	2265	3933
WALSH__ND	1167	2995	4636
WARD__ND	5806	18636	27412
WELLS__ND	419	1796	2383
WILLIAMS__ND	1735	10069	12807
ADAMS__OH	2326	8659	11359
ALLEN__OH	13294	30487	45894
ASHLAND__OH	5740	17493	24590
ASHTABULA__OH	15577	23318	40867
ATHENS__OH	16370	11354	29443
AUGLAIZE__OH	3980	18658	23627
BELMONT__OH	8785	21108	31122
BROWN__OH	4353	14573	19607
BUTLER__OH	58642	106976	173839
CARROLL__OH	3154	9254	13074
CHAMPAIGN__OH	4594	12631	18104
CLARK__OH	23328	35205	61429
CLERMONT__OH	26715	67518	99121
CLINTON__OH	4066	13838	18675
COLUMBIANA__OH	12432	31676	46201
COSHOCTON__OH	4013	10785	15552
CRAWFORD__OH	4625	13611	19237
CUYAHOGA__OH	398271	184211	603822
DARKE__OH	4470	20012	25484
DEFIANCE__OH	5368	11688	18192
DELAWARE__OH	40872	57568	103860
ERIE__OH	16057	19648	37578
FAIRFIELD__OH	24881	44314	72913
FAYETTE__OH	2739	7995	11162
FRANKLIN__OH	351198	199331	581140
FULTON__OH	6069	13709	21225
GALLIA__OH	2628	9822	12931
GEAUGA__OH	17569	30227	49941
GREENE__OH	28943	48540	81858
GUERNSEY__OH	4359	11445	16557
HAMILTON__OH	215719	173665	409109
HANCOCK__OH	9609	24183	36023
HARDIN__OH	2920	8717	12294
HARRISON__OH	1688	5098	7079
HENRY__OH	3756	9301	13932
HIGHLAND__OH	3773	14020	18501
HOCKING__OH	3775	8497	12838
HOLMES__OH	1788	8720	11054
HURON__OH	7192	16226	24834
JACKSON__OH	3226	9949	13693
JEFFERSON__OH	9675	21117	32201
KNOX__OH	8171	19131	28687
LAKE__OH	46397	64255	116246
LAWRENCE__OH	6974	18689	26607
LICKING__OH	27376	51241	82761
LOGAN__OH	4647	15957	21571
LORAIN__OH	66949	66818	140562
LUCAS__OH	110833	75698	197556
MADISON__OH	4779	11631	17290
MAHONING__OH	57381	53616	115072
MARION__OH	7928	16961	26322
MEDINA__OH	32182	54810	91373
MEIGS__OH	2260	7309	9985
MERCER__OH	3384	17506	21726
MIAMI__OH	13120	37079	52734
MONROE__OH	1662	4868	6795
MONTGOMERY__OH	122016	123909	258301
MORGAN__OH	1736	4431	6443
MORROW__OH	3761	11948	16548
MUSKINGUM__OH	11123	24056	36991
NOBLE__OH	1221	4549	6013
OTTAWA__OH	8285	12653	22218
PAULDING__OH	2093	6500	9047
PERRY__OH	4138	10228	14995
PICKAWAY__OH	6529	17076	24745
PIKE__OH	3539	7902	11879
PORTAGE__OH	32397	39971	76139
PREBLE__OH	4325	15446	20565
PUTNAM__OH	2922	14961	18767
RICHLAND__OH	16085	36590	55214
ROSS__OH	10356	18652	30380
SANDUSKY__OH	9929	16316	28044
SCIOTO__OH	9132	20550	30784
SENECA__OH	7404	14825	23987
SHELBY__OH	4243	18590	23740
STARK__OH	68146	98388	175239
SUMMIT__OH	134256	112026	257979
TRUMBULL__OH	43014	49024	96029
TUSCARAWAS__OH	12188	26918	41289
UNION__OH	7718	18096	27429
VAN_WERT__OH	2697	10469	13770
VINTON__OH	1351	3883	5502
WARREN__OH	33730	77643	117267
WASHINGTON__OH	8026	20514	29840
WAYNE__OH	15031	32270	49853
WILLIAMS__OH	4358	11939	17308
WOOD__OH	27318	32498	64341
WYANDOT__OH	2515	7468	10592
ADAIR__OK	1382	4787	6513
ALFALFA__OK	216	1933	2258
ATOKA__OK	795	4084	5018
BEAVER__OK	176	1993	2243
BECKHAM__OK	960	6308	7552
BLAINE__OK	711	2884	3793
BRYAN__OK	2804	10478	13818
CADDO__OK	2420	6482	9348
CANADIAN__OK	11674	39986	55278
CARTER__OK	4002	13752	18534
CHEROKEE__OK	5456	9994	16490
CHOCTAW__OK	1067	4206	5426
CIMARRON__OK	71	963	1079
CLEVELAND__OK	38829	62538	109450
COAL__OK	411	1898	2399
COMANCHE__OK	11463	19183	32564
COTTON__OK	424	2054	2602
CRAIG__OK	1252	4283	5785
CREEK__OK	5841	21575	28830
CUSTER__OK	2104	7826	10541
DELAWARE__OK	3311	11826	15716
DEWEY__OK	222	1965	2248
ELLIS__OK	155	1611	1827
GARFIELD__OK	4397	16009	21710
GARVIN__OK	1855	8253	10546
GRADY__OK	3882	17316	22286
GRANT__OK	288	1827	2201
GREER__OK	323	1482	1896
HARMON__OK	225	715	977
HARPER__OK	134	1318	1499
HASKELL__OK	882	3701	4738
HUGHES__OK	961	3388	4526
JACKSON__OK	1473	5969	7806
JEFFERSON__OK	365	1910	2350
JOHNSTON__OK	786	3093	4018
KAY__OK	3738	12172	16803
KINGFISHER__OK	786	5156	6131
KIOWA__OK	767	2596	3493
LATIMER__OK	797	3100	4056
LE_FLORE__OK	3250	13362	17221
LINCOLN__OK	2430	10854	14025
LOGAN__OK	4248	13633	18979
LOVE__OK	735	2922	3789
MCCLAIN__OK	2894	13169	16858
MCCURTAIN__OK	1802	8656	10726
MCINTOSH__OK	2123	5505	7963
MAJOR__OK	310	2948	3407
MARSHALL__OK	1096	4206	5492
MAYES__OK	3423	11555	15717
MURRAY__OK	1087	4175	5528
MUSKOGEE__OK	7977	15043	24216
NOBLE__OK	901	3715	4878
NOWATA__OK	742	3321	4237
OKFUSKEE__OK	943	2800	3943
OKLAHOMA__OK	112813	141569	273942
OKMULGEE__OK	4385	8944	13949
OSAGE__OK	5597	12577	18966
OTTAWA__OK	2584	7631	10690
PAWNEE__OK	1344	4729	6364
PAYNE__OK	8788	16651	27760
PITTSBURG__OK	3711	12753	17271
PONTOTOC__OK	3637	10431	14831
POTTAWATOMIE__OK	6015	17848	25452
PUSHMATAHA__OK	748	3581	4483
ROGER_MILLS__OK	151	1547	1759
ROGERS__OK	7902	30913	40862
SEMINOLE__OK	2071	5613	8037
SEQUOYAH__OK	3061	10888	14437
STEPHENS__OK	3086	14182	17904
TEXAS__OK	858	4621	5780
TILLMAN__OK	657	1944	2706
TULSA__OK	87847	144258	247054
WAGONER__OK	6723	23005	31300
WASHINGTON__OK	5048	15825	22224
WASHITA__OK	588	3854	4631
WOODS__OK	522	2947	3668
WOODWARD__OK	873	6347	7595
BAKER__OR	1797	6218	8779
BENTON__OR	29193	13445	48753
CLACKAMAS__OR	102095	88392	214039
CLATSOP__OR	9252	8138	19664
COLUMBIA__OR	10167	13217	26618
COOS__OR	10448	17865	31313
CROOK__OR	2637	8511	12172
CURRY__OR	4300	7212	12611
DESCHUTES__OR	42444	45692	98557
DOUGLAS__OR	14096	34582	53521
GILLIAM__OR	239	671	1019
GRANT__OR	739	3210	4340
HARNEY__OR	683	2912	3974
HOOD_RIVER__OR	6510	3272	10910
JACKSON__OR	44447	53870	109327
JEFFERSON__OR	2980	5483	9459
JOSEPHINE__OR	13453	26923	44560
KLAMATH__OR	7210	20435	30507
LAKE__OR	639	3022	3930
LANE__OR	102753	67141	191950
LINCOLN__OR	12501	10039	25256
LINN__OR	17995	33488	58719
MALHEUR__OR	2246	7194	10435
MARION__OR	57788	63377	136840
MORROW__OR	1017	2721	4167
MULTNOMAH__OR	292561	67954	399103
POLK__OR	16420	18940	40295
SHERMAN__OR	202	732	1017
TILLAMOOK__OR	5768	6538	13803
UMATILLA__OR	7673	17059	27597
UNION__OR	3249	8431	12968
WALLOWA__OR	1116	2848	4366
WASCO__OR	4781	5833	11964
WASHINGTON__OR	153251	83197	269232
WHEELER__OR	155	591	818
YAMHILL__OR	19301	23250	48753
ADAMS__PA	14219	31423	47489
ALLEGHENY__PA	367617	259480	650114
ARMSTRONG__PA	7178	23484	31618
BEAVER__PA	32531	48167	83571
BEDFORD__PA	3645	19552	23637
BERKS__PA	78437	96626	183065
BLAIR__PA	13958	39135	54909
BRADFORD__PA	6369	18141	25708
BUCKS__PA	167060	164361	344297
BUTLER__PA	28584	64428	97071
CAMBRIA__PA	18867	42258	63072
CAMERON__PA	531	1589	2186
CARBON__PA	8936	18743	28776
CENTRE__PA	37088	35274	76148
CHESTER__PA	141682	116114	268800
CLARION__PA	4273	12576	17535
CLEARFIELD__PA	8200	24932	34271
CLINTON__PA	4744	10022	15394
COLUMBIA__PA	8934	18004	28228
CRAWFORD__PA	10971	24987	37492
CUMBERLAND__PA	47085	69076	121617
DAUPHIN__PA	64706	60863	130872
DELAWARE__PA	177402	110667	297634
ELK__PA	3853	10025	14426
ERIE__PA	58112	60069	123679
FAYETTE__PA	17946	34590	53767
FOREST__PA	626	1683	2401
FRANKLIN__PA	17465	49768	69731
FULTON__PA	912	5694	6771
GREENE__PA	4482	10849	15764
HUNTINGDON__PA	4539	14494	19706
INDIANA__PA	11528	24888	37770
JEFFERSON__PA	3650	15192	19478
JUNIATA__PA	1821	8273	10454
LACKAWANNA__PA	51983	48384	103456
LANCASTER__PA	91093	137914	241112
LAWRENCE__PA	14009	25428	40753
LEBANON__PA	18953	40525	61845
LEHIGH__PA	81324	73690	160993
LUZERNE__PA	52451	78688	134983
LYCOMING__PA	13020	35627	50565
MCKEAN__PA	4025	11635	16296
MERCER__PA	18733	31544	52309
MIFFLIN__PA	3877	14094	18601
MONROE__PA	33918	33386	69752
MONTGOMERY__PA	256082	162731	434687
MONTOUR__PA	2857	5288	8556
NORTHAMPTON__PA	66272	71736	143519
NORTHUMBERLAND__PA	9788	25427	36622
PERRY__PA	4632	15616	21158
PHILADELPHIA__PA	584025	108748	707631
PIKE__PA	9256	16056	26101
POTTER__PA	1302	6251	7784
SCHUYLKILL__PA	16770	44001	62869
SNYDER__PA	4002	11725	16363
SOMERSET__PA	7376	27379	35773
SULLIVAN__PA	750	2291	3136
SUSQUEHANNA__PA	5123	12891	18863
TIOGA__PA	3901	13614	18325
UNION__PA	6180	10622	17468
VENANGO__PA	6309	16021	23348
WARREN__PA	5145	12477	18434
WASHINGTON__PA	36322	61386	101450
WAYNE__PA	7008	16244	24018
WESTMORELAND__PA	59669	116522	182051
WYOMING__PA	3811	8837	13144
YORK__PA	68524	128528	205986
BRISTOL__RI	14609	8965	25475
KENT__RI	37788	38336	82053
NEWPORT__RI	22851	15077	41045
PROVIDENCE__RI	142899	90882	248474
WASHINGTON__RI	33741	27230	66369
ABBEVILLE__SC	3741	6763	10775
AIKEN__SC	25455	46025	74851
ALLENDALE__SC	2735	789	3592
ANDERSON__SC	21097	56232	80483
BAMBERG__SC	3898	2204	6214
BARNWELL__SC	4400	4889	9485
BEAUFORT__SC	32138	42922	78524
BERKELEY__SC	30705	44587	79517
CALHOUN__SC	3573	3787	7549
CHARLESTON__SC	89299	75443	176345
CHEROKEE__SC	6092	15167	21759
CHESTER__SC	6579	7265	14192
CHESTERFIELD__SC	6858	9312	16581
CLARENDON__SC	7732	7386	15395
COLLETON__SC	7627	9091	17251
DARLINGTON__SC	13888	14989	29674
DILLON__SC	5834	5637	11698
DORCHESTER__SC	24055	34987	62567
EDGEFIELD__SC	4491	6842	11644
FAIRFIELD__SC	6945	4027	11267
FLORENCE__SC	26710	29573	57931
GEORGETOWN__SC	13310	17389	31657
GREENVILLE__SC	74483	127832	215165
GREENWOOD__SC	10711	16961	28763
HAMPTON__SC	5170	3488	8806
HORRY__SC	39410	89288	132920
JASPER__SC	5956	5187	11427
KERSHAW__SC	10330	17542	28995
LANCASTER__SC	13812	23719	38938
LAURENS__SC	8889	16816	26566
LEE__SC	5199	2803	8156
LEXINGTON__SC	35230	80026	122093
MCCORMICK__SC	2479	2652	5216
MARION__SC	8569	5444	14276
MARLBORO__SC	5954	4267	10389
NEWBERRY__SC	6217	10017	16807
OCONEE__SC	7998	24178	33635
ORANGEBURG__SC	26318	11931	38910
PICKENS__SC	10354	36236	49049
RICHLAND__SC	108000	52469	168722
SALUDA__SC	2813	5526	8564
SPARTANBURG__SC	39997	76277	121090
SUMTER__SC	24047	18745	44086
UNION__SC	4729	7061	12092
WILLIAMSBURG__SC	9953	4864	15054
YORK__SC	41593	66754	114357
AURORA__SD	340	974	1407
BEADLE__SD	1912	4455	6772
BENNETT__SD	412	666	1149
BON_HOMME__SD	704	2105	2974
BROOKINGS__SD	4879	6748	12680
BROWN__SD	5452	9613	16114
BRULE__SD	571	1565	2288
BUFFALO__SD	296	171	490
BUTTE__SD	696	3357	4351
CAMPBELL__SD	105	704	831
CHARLES_MIX__SD	935	2382	3433
CLARK__SD	398	1139	1657
CLAY__SD	2608	2109	5069
CODINGTON__SD	3174	7764	11669
CORSON__SD	535	588	1175
CUSTER__SD	1121	3293	4721
DAVISON__SD	2355	5157	7952
DAY__SD	974	1627	2747
DEUEL__SD	570	1366	2080
DEWEY__SD	888	723	1708
DOUGLAS__SD	214	1338	1605
EDMUNDS__SD	380	1433	1918
FALL_RIVER__SD	821	2511	3563
FAULK__SD	204	858	1118
GRANT__SD	971	2382	3564
GREGORY__SD	391	1600	2091
HAAKON__SD	77	936	1044
HAMLIN__SD	555	2051	2762
HAND__SD	334	1391	1818
HANSON__SD	424	1497	2006
HARDING__SD	38	695	770
HUGHES__SD	2450	5174	8175
HUTCHINSON__SD	692	2517	3365
HYDE__SD	125	543	690
JACKSON__SD	323	722	1095
JERAULD__SD	264	648	967
JONES__SD	69	450	558
KINGSBURY__SD	703	1680	2551
LAKE__SD	2314	4038	6786
LAWRENCE__SD	3356	7411	11842
LINCOLN__SD	8076	15499	25231
LYMAN__SD	369	977	1421
MCCOOK__SD	623	1794	2587
MCPHERSON__SD	192	892	1137
MARSHALL__SD	754	1056	1947
MEADE__SD	2223	8441	11621
MELLETTE__SD	238	402	683
MINER__SD	281	706	1064
MINNEHAHA__SD	30610	42043	78263
MOODY__SD	1043	1731	2933
PENNINGTON__SD	14074	29804	47743
PERKINS__SD	188	1333	1606
POTTER__SD	215	1071	1337
ROBERTS__SD	1540	2144	3889
SANBORN__SD	241	819	1123
OGLALA_LAKOTA__SD	2510	241	2905
SPINK__SD	919	1854	2951
STANLEY__SD	329	1148	1567
SULLY__SD	137	679	861
TODD__SD	1505	487	2125
TRIPP__SD	462	2069	2630
TURNER__SD	961	2937	4150
UNION__SD	2227	5290	7897
WALWORTH__SD	457	1896	2477
YANKTON__SD	3301	5659	9623
ZIEBACH__SD	353	368	767
ANDERSON__TN	9013	19212	29881
BEDFORD__TN	3395	11486	15355
BENTON__TN	1474	4716	6328
BLEDSOE__TN	897	3622	4664
BLOUNT__TN	12100	37443	52208
BRADLEY__TN	7070	29768	38666
CAMPBELL__TN	2248	9870	12532
CANNON__TN	1127	4007	5314
CARROLL__TN	2327	7756	10384
CARTER__TN	3453	16898	21084
CHEATHAM__TN	3878	11297	15924
CHESTER__TN	1243	5081	6507
CLAIBORNE__TN	1832	8602	10740
CLAY__TN	707	2141	2920
COCKE__TN	1981	9791	12126
COFFEE__TN	4743	14417	19971
CROCKETT__TN	1303	3982	5397
CUMBERLAND__TN	5202	20413	26360
DAVIDSON__TN	148864	84550	249068
DECATUR__TN	894	3588	4592
DEKALB__TN	1569	5171	6955
DICKSON__TN	4722	13233	18699
DYER__TN	2816	10180	13336
FAYETTE__TN	5874	13055	19394
FENTRESS__TN	1100	6038	7333
FRANKLIN__TN	4374	11532	16404
GIBSON__TN	5258	13786	19547
GILES__TN	2917	7970	11137
GRAINGER__TN	1154	6626	8008
GREENE__TN	4216	18562	23583
GRUNDY__TN	999	3636	4763
HAMBLEN__TN	4075	15857	20692
HAMILTON__TN	55316	78733	142408
HANCOCK__TN	322	1843	2231
HARDEMAN__TN	4185	4919	9273
HARDIN__TN	1622	8012	9949
HAWKINS__TN	3507	16648	20774
HAYWOOD__TN	3711	3013	6834
HENDERSON__TN	1800	8138	10217
HENRY__TN	3063	9508	12945
HICKMAN__TN	1824	5695	7813
HOUSTON__TN	866	2182	3168
HUMPHREYS__TN	1967	4930	7153
JACKSON__TN	1129	3236	4466
JEFFERSON__TN	3494	14776	19072
JOHNSON__TN	988	5410	6579
KNOX__TN	62878	105767	180697
LAKE__TN	577	1357	1970
LAUDERDALE__TN	3056	4884	8087
LAWRENCE__TN	2821	12420	15666
LEWIS__TN	890	3585	4622
LINCOLN__TN	2554	10398	13348
LOUDON__TN	4919	17610	23391
MCMINN__TN	3510	14691	18755
MCNAIRY__TN	1848	7841	10038
MACON__TN	1072	6263	7504
MADISON__TN	15448	21335	38120
MARION__TN	2832	7696	10862
MARSHALL__TN	2852	8184	11455
MAURY__TN	10038	23799	35369
MEIGS__TN	856	3342	4320
MONROE__TN	3186	13374	17093
MONTGOMERY__TN	21699	32341	57620
MOORE__TN	496	2325	2926
MORGAN__TN	1054	5441	6705
OBION__TN	2426	9526	12249
OVERTON__TN	1945	6059	8229
PERRY__TN	597	2167	2855
PICKETT__TN	536	2021	2615
POLK__TN	1252	5097	6520
PUTNAM__TN	6851	19002	27212
RHEA__TN	1942	8660	11062
ROANE__TN	4837	15880	21669
ROBERTSON__TN	6637	19410	27113
RUTHERFORD__TN	36706	64515	107436
SCOTT__TN	934	6044	7123
SEQUATCHIE__TN	1053	4441	5694
SEVIER__TN	6297	28629	36312
SHELBY__TN	208992	116344	337383
SMITH__TN	1689	5494	7436
STEWART__TN	1222	3864	5299
SULLIVAN__TN	12578	46979	62278
SUMNER__TN	18161	50129	71505
TIPTON__TN	5785	16910	23481
TROUSDALE__TN	946	2103	3160
UNICOI__TN	1262	5671	7195
UNION__TN	1012	5053	6247
VAN_BUREN__TN	539	1820	2419
WARREN__TN	3535	9540	13612
WASHINGTON__TN	13024	34252	49750
WAYNE__TN	717	5036	5857
WEAKLEY__TN	2772	9008	12184
WHITE__TN	1845	7671	9825
WILLIAMSON__TN	31013	68212	106271
WILSON__TN	14385	39406	56734
ANDERSON__TX	3369	13201	16977
ANDREWS__TX	836	3927	4943
ANGELINA__TX	7538	21668	29911
ARANSAS__TX	2465	7740	10512
ARCHER__TX	394	3786	4283
ARMSTRONG__TX	70	924	1021
ATASCOSA__TX	4651	8618	13673
AUSTIN__TX	2320	9637	12274
BAILEY__TX	397	1344	1793
BANDERA__TX	1726	8163	10218
BASTROP__TX	10569	16328	28454
BAYLOR__TX	191	1267	1499
BEE__TX	3444	4744	8485
BELL__TX	37801	51998	94994
BEXAR__TX	319550	240333	589645
BLANCO__TX	1244	4212	5685
BORDEN__TX	31	330	365
BOSQUE__TX	1278	6339	7838
BOWIE__TX	8838	24924	34602
BRAZORIA__TX	43200	72791	121181
BRAZOS__TX	23121	38738	67211
BREWSTER__TX	1873	2077	4252
BRISCOE__TX	91	625	736
BROOKS__TX	1937	613	2596
BROWN__TX	1621	12017	14026
BURLESON__TX	1491	5316	6960
BURNET__TX	3797	14638	19204
CALDWELL__TX	4795	6691	12092
CALHOUN__TX	2118	4638	6965
CALLAHAN__TX	569	4865	5579
CAMERON__TX	59402	29472	92079
CAMP__TX	1260	3201	4542
CARSON__TX	249	2620	2964
CASS__TX	2391	9726	12344
CASTRO__TX	526	1414	1997
CHAMBERS__TX	2948	13339	16786
CHEROKEE__TX	3469	12919	16790
CHILDRESS__TX	253	1802	2084
CLAY__TX	536	4377	5018
COCHRAN__TX	190	679	901
COKE__TX	140	1265	1423
COLEMAN__TX	388	3177	3643
COLLIN__TX	140624	201014	361419
COLLINGSWORTH__TX	145	983	1156
COLORADO__TX	1987	6325	8513
COMAL__TX	14238	45136	62178
COMANCHE__TX	789	4333	5237
CONCHO__TX	148	885	1068
COOKE__TX	2352	13181	15955
CORYELL__TX	5064	12225	18253
COTTLE__TX	92	506	612
CRANE__TX	299	1049	1384
CROCKETT__TX	372	980	1395
CROSBY__TX	468	1181	1728
CULBERSON__TX	454	280	767
DALLAM__TX	222	1261	1544
DALLAS__TX	461080	262945	758973
DAWSON__TX	835	2636	3563
DEAF_SMITH__TX	1185	2911	4216
DELTA__TX	400	1836	2281
DENTON__TX	110890	170603	298645
DEWITT__TX	1163	5519	6844
DICKENS__TX	128	755	909
DIMMIT__TX	2173	974	3225
DONLEY__TX	191	1225	1465
DUVAL__TX	2783	1316	4168
EASTLAND__TX	776	6011	6963
ECTOR__TX	10249	25020	36530
EDWARDS__TX	303	746	1073
ELLIS__TX	16253	44941	63673
EL_PASO__TX	147843	55512	214008
ERATH__TX	2160	11210	13893
FALLS__TX	1684	3441	5248
FANNIN__TX	2132	9548	12044
FAYETTE__TX	2144	8743	11174
FISHER__TX	403	1265	1729
FLOYD__TX	435	1474	1959
FOARD__TX	113	383	513
FORT_BEND__TX	134686	117291	262066
FRANKLIN__TX	665	3585	4380
FREESTONE__TX	1471	6026	7684
FRIO__TX	2444	1856	4400
GAINES__TX	597	3907	4620
GALVESTON__TX	43658	73757	122903
GARZA__TX	230	1225	1484
GILLESPIE__TX	2288	10446	13214
GLASSCOCK__TX	34	553	604
GOLIAD__TX	973	2620	3708
GONZALES__TX	1571	4587	6334
GRAY__TX	701	6500	7405
GRAYSON__TX	10301	35325	47416
GREGG__TX	11677	28764	41749
GRIMES__TX	2194	7065	9533
GUADALUPE__TX	18391	36632	57822
HALE__TX	2101	6366	8858
HALL__TX	164	893	1091
HAMILTON__TX	479	3060	3620
HANSFORD__TX	171	1730	1947
HARDEMAN__TX	249	1207	1513
HARDIN__TX	2780	19606	22780
HARRIS__TX	707914	545955	1312112
HARRISON__TX	7151	18749	26548
HARTLEY__TX	173	1730	1952
HASKELL__TX	314	1403	1770
HAYS__TX	33224	33826	72164
HEMPHILL__TX	181	1462	1695
HENDERSON__TX	5669	23650	30045
HIDALGO__TX	118809	48642	173437
HILL__TX	2547	10108	12970
HOCKLEY__TX	1260	5809	7311
HOOD__TX	4008	21382	26262
HOPKINS__TX	2510	10707	13538
HOUSTON__TX	1978	6205	8353
HOWARD__TX	1770	6637	8723
HUDSPETH__TX	324	503	871
HUNT__TX	6396	23910	31554
HUTCHINSON__TX	854	7042	8155
IRION__TX	90	660	766
JACK__TX	314	2973	3350
JACKSON__TX	904	4266	5302
JASPER__TX	2590	10609	13419
JEFF_DAVIS__TX	422	695	1191
JEFFERSON__TX	42443	42862	87618
JIM_HOGG__TX	1635	430	2119
JIM_WELLS__TX	6694	5420	12379
JOHNSON__TX	10988	44382	57606
JONES__TX	936	4819	5960
KARNES__TX	1145	2965	4198
KAUFMAN__TX	10278	29587	41265
KENDALL__TX	3643	15700	20120
KENEDY__TX	99	84	186
KENT__TX	59	360	434
KERR__TX	4681	17727	23297
KIMBLE__TX	206	1697	1952
KING__TX	5	149	159
KINNEY__TX	458	936	1430
KLEBERG__TX	4716	4367	9512
KNOX__TX	247	1078	1367
LAMAR__TX	3583	14561	18611
LAMB__TX	771	3111	3995
LAMPASAS__TX	1483	6385	8205
LA_SALLE__TX	1129	872	2059
LAVACA__TX	1170	7347	8661
LEE__TX	1372	4997	6535
LEON__TX	909	6391	7439
LIBERTY__TX	4862	18892	24267
LIMESTONE__TX	1778	5796	7739
LIPSCOMB__TX	135	1159	1332
LIVE_OAK__TX	742	3464	4302
LLANO__TX	1825	8299	10447
LOVING__TX	4	58	65
LUBBOCK__TX	28023	65651	99013
LYNN__TX	403	1546	2009
MCCULLOCH__TX	482	2552	3103
MCLENNAN__TX	27063	48260	79075
MCMULLEN__TX	40	454	499
MADISON__TX	881	3351	4289
MARION__TX	1165	2983	4238
MARTIN__TX	266	1455	1762
MASON__TX	354	1656	2057
MATAGORDA__TX	3500	8366	12196
MAVERICK__TX	10397	2816	13588
MEDINA__TX	4634	12085	17246
MENARD__TX	154	682	864
MIDLAND__TX	10025	36973	49212
MILAM__TX	2051	6364	8664
MILLS__TX	243	1951	2245
MITCHELL__TX	354	1780	2196
MONTAGUE__TX	885	7526	8604
MONTGOMERY__TX	45835	150314	204632
MOORE__TX	1098	3977	5284
MORRIS__TX	1425	3446	4973
MOTLEY__TX	40	566	615
NACOGDOCHES__TX	6846	14771	22622
NAVARRO__TX	4002	11994	16433
NEWTON__TX	1156	4288	5534
NOLAN__TX	1029	3552	4857
NUECES__TX	49198	50766	104405
OCHILTREE__TX	274	2628	3002
OLDHAM__TX	78	850	948
ORANGE__TX	5735	25513	32000
PALO_PINTO__TX	1708	8284	10270
PANOLA__TX	1835	8445	10416
PARKER__TX	8344	46473	56817
PARMER__TX	485	1915	2466
PECOS__TX	1554	2468	4185
POLK__TX	4187	15176	19852
POTTER__TX	7657	19630	28651
PRESIDIO__TX	1458	652	2208
RAINS__TX	628	3968	4701
RANDALL__TX	8367	43462	54305
REAGAN__TX	167	709	904
REAL__TX	262	1382	1681
RED_RIVER__TX	1149	3926	5161
REEVES__TX	1659	1417	3184
REFUGIO__TX	1034	1830	2948
ROBERTS__TX	20	524	554
ROBERTSON__TX	2203	4668	7035
ROCKWALL__TX	9655	28451	39948
RUNNELS__TX	453	3250	3782
RUSK__TX	3935	14675	18994
SABINE__TX	614	3998	4651
SAN_AUGUSTINE__TX	910	2622	3569
SAN_JACINTO__TX	2038	8059	10343
SAN_PATRICIO__TX	7871	13030	21656
SAN_SABA__TX	293	2025	2357
SCHLEICHER__TX	208	821	1059
SCURRY__TX	733	4410	5289
SHACKELFORD__TX	103	1378	1504
SHELBY__TX	1758	7179	9086
SHERMAN__TX	96	807	935
SMITH__TX	22300	58930	84768
SOMERVELL__TX	541	3206	3897
STARR__TX	9289	2224	11740
STEPHENS__TX	348	3034	3461
STERLING__TX	70	549	633
STONEWALL__TX	135	555	701
SUTTON__TX	313	1075	1416
SWISHER__TX	462	1671	2204
TARRANT__TX	288392	345921	668514
TAYLOR__TX	10085	33250	45759
TERRELL__TX	140	288	438
TERRY__TX	753	2459	3355
THROCKMORTON__TX	84	715	808
TITUS__TX	2597	6511	9419
TOM_GREEN__TX	9173	27494	38479
TRAVIS__TX	308260	127209	468720
TRINITY__TX	1154	4737	5985
TYLER__TX	1248	6624	8016
UPSHUR__TX	2380	13209	16013
UPTON__TX	286	1007	1347
UVALDE__TX	3867	4835	8964
VAL_VERDE__TX	6964	5890	13617
VAN_ZANDT__TX	2799	18473	21890
VICTORIA__TX	8866	21275	31123
WALKER__TX	6091	12884	19796
WALLER__TX	5748	10531	16784
WARD__TX	783	2547	3445
WASHINGTON__TX	3382	10945	14828
WEBB__TX	42307	12947	56905
WHARTON__TX	4238	10149	14732
WHEELER__TX	194	2087	2306
WICHITA__TX	8770	27631	38119
WILBARGER__TX	809	3166	4105
WILLACY__TX	3422	1547	5095
WILLIAMSON__TX	84468	104175	203081
WILSON__TX	4790	13998	19432
WINKLER__TX	420	1403	1876
WISE__TX	3412	20670	24776
WOOD__TX	2630	15700	18727
YOAKUM__TX	426	1797	2303
YOUNG__TX	876	6601	7707
ZAPATA__TX	2063	1029	3142
ZAVALA__TX	2636	694	3396
BEAVER__UT	264	1838	2491
BOX_ELDER__UT	2282	12230	19735
CACHE__UT	8563	21139	46157
CARBON__UT	1717	5275	7952
DAGGETT__UT	77	331	474
DAVIS__UT	28776	62219	138411
DUCHESNE__UT	500	5508	6942
EMERY__UT	380	3425	4289
GARFIELD__UT	358	1606	2344
GRAND__UT	1960	1975	4533
IRON__UT	2450	11561	17654
JUAB__UT	442	2827	4177
KANE__UT	741	2265	3505
MILLARD__UT	431	3860	5242
MORGAN__UT	577	3188	5192
PIUTE__UT	47	626	729
RICH__UT	104	797	1109
SALT_LAKE__UT	175863	138043	418868
SAN_JUAN__UT	2042	2645	5447
SANPETE__UT	1061	6673	10164
SEVIER__UT	695	6740	8654
SUMMIT__UT	10503	7333	20641
TOOELE__UT	4573	11169	21829
UINTAH__UT	995	9810	12797
UTAH__UT	28522	102182	201551
WASATCH__UT	3063	6115	12120
WASHINGTON__UT	10288	42650	61963
WAYNE__UT	271	966	1421
WEBER__UT	23131	40235	85039
ADDISON__VT	11219	5297	19031
BENNINGTON__VT	9539	5925	17381
CALEDONIA__VT	6445	5534	14075
CHITTENDEN__VT	54814	18601	83418
ESSEX__VT	1019	1506	2925
FRANKLIN__VT	9351	8752	21411
GRAND_ISLE__VT	2094	1487	4110
LAMOILLE__VT	7241	3570	12762
ORANGE__VT	7541	5007	14649
ORLEANS__VT	5185	5159	12047
RUTLAND__VT	13635	12479	29619
WASHINGTON__VT	18594	7993	31086
WINDHAM__VT	14340	5454	22635
WINDSOR__VT	17556	8605	29928
ACCOMACK__VA	6740	8583	15818
ALBEMARLE__VA	33345	19259	56726
ALLEGHANY__VA	2166	4874	7325
AMELIA__VA	2128	4708	7040
AMHERST__VA	5057	9719	15396
APPOMATTOX__VA	2023	5715	8011
ARLINGTON__VA	92016	20186	121356
AUGUSTA__VA	8177	26163	36343
BATH__VA	603	1548	2253
BEDFORD_CO___VA	9768	30659	42525
BLAND__VA	453	2573	3139
BOTETOURT__VA	4494	13375	18739
BRUNSWICK__VA	4481	3046	7669
BUCHANAN__VA	1721	7296	9247
BUCKINGHAM__VA	3128	3950	7295
CAMPBELL__VA	6664	19551	27535
CAROLINE__VA	6432	7147	14863
CARROLL__VA	2559	10663	13668
CHARLES_CITY__VA	2496	1476	4107
CHARLOTTE__VA	2155	3479	5808
CHESTERFIELD__VA	81074	85045	176461
CLARKE__VA	3051	4661	8213
CRAIG__VA	541	2140	2794
CULPEPER__VA	7759	13349	22218
CUMBERLAND__VA	2036	2697	4906
DICKENSON__VA	1335	4932	6440
DINWIDDIE__VA	5765	7447	13575
ESSEX__VA	2542	2657	5408
FAIRFAX_CO___VA	355133	157710	551183
FAUQUIER__VA	12971	22127	37467
FLOYD__VA	2300	5293	8051
FLUVANNA__VA	5760	7025	13597
FRANKLIN_CO___VA	7257	18569	26971
FREDERICK__VA	11932	26083	40440
GILES__VA	1950	5910	8212
GLOUCESTER__VA	5404	13096	19619
GOOCHLAND__VA	4889	8384	14037
GRAYSON__VA	1407	5592	7285
GREENE__VA	2924	5945	9608
GREENSVILLE__VA	2558	1737	4363
HALIFAX__VA	6897	9704	17001
HANOVER__VA	19382	39630	62753
HENRICO__VA	93935	59857	163654
HENRY__VA	8198	15208	24106
HIGHLAND__VA	371	958	1391
ISLE_OF_WIGHT__VA	7881	12204	21075
JAMES_CITY__VA	19105	21306	43173
KING_AND_QUEEN__VA	1468	2099	3697
KING_GEORGE__VA	4007	7341	12059
KING_WILLIAM__VA	2760	5975	9161
LANCASTER__VA	2869	3523	6645
LEE__VA	1627	7543	9399
LOUDOUN__VA	100795	69949	183097
LOUISA__VA	6212	10528	17631
LUNENBURG__VA	2227	3204	5586
MADISON__VA	2203	4419	6979
MATHEWS__VA	1563	3517	5311
MECKLENBURG__VA	6285	8288	14945
MIDDLESEX__VA	2108	3670	6017
MONTGOMERY__VA	20021	19459	43031
NELSON__VA	3689	4154	8318
NEW_KENT__VA	3546	8118	12242
NORTHAMPTON__VA	3255	2686	6172
NORTHUMBERLAND__VA	2852	4302	7398
NOTTOWAY__VA	2829	3712	6744
ORANGE__VA	5957	10521	17270
PAGE__VA	2514	7831	10740
PATRICK__VA	1768	6454	8525
PITTSYLVANIA__VA	9199	21554	31598
POWHATAN__VA	4060	11885	16900
PRINCE_EDWARD__VA	4591	4101	9143
PRINCE_GEORGE__VA	6419	9157	16184
PRINCE_WILLIAM__VA	113144	71721	196538
PULASKI__VA	4172	10322	15167
RAPPAHANNOCK__VA	1747	2539	4483
RICHMOND_CO___VA	1347	2213	3661
ROANOKE_CO___VA	24567	35110	63519
ROCKBRIDGE__VA	3508	6680	10795
ROCKINGHAM__VA	9366	25990	37487
RUSSELL__VA	2330	9521	12246
SCOTT__VA	1581	8247	10100
SHENANDOAH__VA	5273	14094	20513
SMYTH__VA	2665	9750	12890
SOUTHAMPTON__VA	3595	5035	8878
SPOTSYLVANIA__VA	24207	34623	62562
STAFFORD__VA	27908	33868	65934
SURRY__VA	2272	1819	4228
SUSSEX__VA	2879	2055	5044
TAZEWELL__VA	2895	15168	18566
WARREN__VA	5169	11773	17960
WASHINGTON__VA	5553	19320	25847
WESTMORELAND__VA	3836	4448	8574
WISE__VA	2701	12086	15163
WYTHE__VA	2770	10046	13343
YORK__VA	12999	18837	34118
ALEXANDRIA__VA	57242	13285	75770
BRISTOL__VA	1835	4892	7032
BUENA_VISTA__VA	693	1430	2407
CHARLOTTESVILLE__VA	17901	2960	22472
CHESAPEAKE__VA	52627	54047	112705
COLONIAL_HEIGHTS__VA	2367	5681	8457
COVINGTON__VA	914	1349	2382
DANVILLE__VA	11059	7303	18952
EMPORIA__VA	1530	789	2367
FALLS_CHURCH__VA	5819	1324	7757
FRANKLIN__VA	2519	1421	4070
FREDERICKSBURG__VA	6707	3744	11264
GALAX__VA	681	1603	2376
HAMPTON__VA	41312	17902	62356
HARRISONBURG__VA	10212	6262	17993
HOPEWELL__VA	4724	3885	9008
LEXINGTON__VA	1514	766	2465
LYNCHBURG__VA	14792	17982	35671
MANASSAS__VA	8423	5953	15411
MANASSAS_PARK__VA	3204	1733	5232
MARTINSVILLE__VA	3533	2149	5907
NEWPORT_NEWS__VA	45618	25468	75715
NORFOLK__VA	57023	21552	83388
NORTON__VA	383	1021	1460
PETERSBURG__VA	12021	1451	13786
POQUOSON__VA	1601	5092	7177
PORTSMOUTH__VA	28497	12795	43265
RADFORD__VA	2925	2638	6085
RICHMOND__VA	81259	15581	103484
ROANOKE__VA	22286	14789	39466
SALEM__VA	4202	7226	12225
STAUNTON__VA	5333	5133	11255
SUFFOLK__VA	23280	18006	43240
VIRGINIA_BEACH__VA	91032	98224	203262
WAYNESBORO__VA	3764	4801	9204
WILLIAMSBURG__VA	5206	1925	7626
WINCHESTER__VA	5164	4790	10667
ADAMS__WA	1299	3083	4644
ASOTIN__WA	3134	5741	9736
BENTON__WA	26360	47194	80027
CHELAN__WA	13032	18114	33380
CLALLAM__WA	17677	18794	39457
CLARK__WA	92757	92441	200160
COLUMBIA__WA	526	1497	2182
COWLITZ__WA	17908	24185	45692
DOUGLAS__WA	4918	9603	15543
FERRY__WA	1098	2202	3601
FRANKLIN__WA	8886	13206	23720
GARFIELD__WA	279	851	1246
GRANT__WA	7810	18518	28346
GRAYS_HARBOR__WA	12020	14067	28367
ISLAND__WA	20960	18465	42876
JEFFERSON__WA	12656	6037	20276
KING__WA	718322	216339	998499
KITSAP__WA	63156	49018	124317
KITTITAS__WA	7489	10100	18955
KLICKITAT__WA	4194	5789	10769
LEWIS__WA	9654	21992	34149
LINCOLN__WA	1244	4108	5713
MASON__WA	11993	13677	28073
OKANOGAN__WA	6298	9610	17091
PACIFIC__WA	4620	5360	10716
PEND_OREILLE__WA	1934	4373	6802
PIERCE__WA	172538	146824	348485
SAN_JUAN__WA	7172	2688	10774
SKAGIT__WA	26690	24736	55968
SKAMANIA__WA	2232	2928	5639
SNOHOMISH__WA	185227	128255	342173
SPOKANE__WA	93767	113435	227246
STEVENS__WA	5767	15161	22677
THURSTON__WA	68798	48624	129410
WAHKIAKUM__WA	832	1344	2358
WALLA_WALLA__WA	9694	13651	25419
WHATCOM__WA	60340	40599	109673
WHITMAN__WA	8146	7403	17305
YAKIMA__WA	31291	41735	77750
BARBOUR__WV	1222	4527	6054
BERKELEY__WV	12321	28244	42850
BOONE__WV	1790	6504	8683
BRAXTON__WV	1321	3537	5090
BROOKE__WV	2568	6625	9613
CABELL__WV	11447	19850	33085
CALHOUN__WV	456	2035	2617
CLAY__WV	568	2300	2972
DODDRIDGE__WV	362	2358	2840
FAYETTE__WV	4290	10357	15337
GILMER__WV	545	1896	2543
GRANT__WV	512	4346	4956
GREENBRIER__WV	3765	9556	14066
HAMPSHIRE__WV	1580	6692	8608
HANCOCK__WV	3262	8909	12702
HARDY__WV	1155	4274	5643
HARRISON__WV	7694	18750	27960
JACKSON__WV	2663	9020	12187
JEFFERSON__WV	9518	13204	24147
KANAWHA__WV	28263	43850	75690
LEWIS__WV	1347	5274	6928
LINCOLN__WV	1459	5307	7066
LOGAN__WV	2092	9897	12359
MCDOWELL__WV	1438	4629	6203
MARION__WV	6964	14668	23029
MARSHALL__WV	2918	9666	13216
MASON__WV	2081	7654	10186
MERCER__WV	4704	17404	22982
MINERAL__WV	2050	9070	11564
MINGO__WV	1370	7911	9510
MONONGALIA__WV	14699	18432	36048
MONROE__WV	1111	4443	5805
MORGAN__WV	1573	5732	7654
NICHOLAS__WV	1840	7251	9491
OHIO__WV	5493	11139	17938
PENDLETON__WV	729	2398	3225
PLEASANTS__WV	621	2358	3150
POCAHONTAS__WV	928	2496	3646
PRESTON__WV	2470	9538	12659
PUTNAM__WV	5884	17788	24893
RALEIGH__WV	6443	22048	29618
RANDOLPH__WV	2735	7629	10876
RITCHIE__WV	496	3405	4075
ROANE__WV	1222	3781	5247
SUMMERS__WV	1190	3455	4862
TAYLOR__WV	1491	4733	6538
TUCKER__WV	751	2565	3475
TYLER__WV	507	2996	3654
UPSHUR__WV	1766	7005	9218
WAYNE__WV	3357	11152	15182
WEBSTER__WV	556	2302	2978
WETZEL__WV	1359	4519	6265
WIRT__WV	386	1911	2422
WOOD__WV	8400	25434	35615
WYOMING__WV	1062	6547	7831
ADAMS__WI	3770	5983	10164
ASHLAND__WI	4228	3302	8029
BARRON__WI	7879	13606	22643
BAYFIELD__WI	4954	4125	9529
BROWN__WI	53364	67199	128979
BUFFALO__WI	2531	4049	6988
BURNETT__WI	2948	5412	8743
CALUMET__WI	9646	15348	26650
CHIPPEWA__WI	11886	17909	31561
CLARK__WI	4227	8646	13596
COLUMBIA__WI	13526	14160	29771
CRAWFORD__WI	3425	3844	7744
DANE__WI	217526	71279	310017
DODGE__WI	13968	26643	43065
DOOR__WI	8026	8584	17608
DOUGLAS__WI	11345	9659	22511
DUNN__WI	9026	11488	22091
EAU_CLAIRE__WI	27294	23311	54885
FLORENCE__WI	666	1897	2657
FOND_DU_LAC__WI	17391	31044	51327
FOREST__WI	1584	2788	4540
GRANT__WI	10046	12349	24321
GREEN__WI	9122	8693	18985
GREEN_LAKE__WI	2701	6213	9388
IOWA__WI	6669	4809	12260
IRON__WI	1273	2090	3497
JACKSON__WI	3821	4907	9272
JEFFERSON__WI	16561	23410	43146
JUNEAU__WI	4073	7123	11732
KENOSHA__WI	35771	36025	77076
KEWAUNEE__WI	3623	6616	10758
LA_CROSSE__WI	32406	26389	62968
LAFAYETTE__WI	3288	3977	7662
LANGLADE__WI	3260	6436	10132
LINCOLN__WI	5370	8400	14706
MANITOWOC__WI	14506	23193	40346
MARATHON__WI	26477	39013	69515
MARINETTE__WI	6243	12995	20046
MARQUETTE__WI	2809	4714	7893
MENOMINEE__WI	1003	269	1279
MILWAUKEE__WI	288797	125846	440247
MONROE__WI	7048	11352	19670
OCONTO__WI	5884	13253	19978
ONEIDA__WI	8104	12117	21473
OUTAGAMIE__WI	38087	49884	93868
OZAUKEE__WI	20168	30430	54523
PEPIN__WI	1345	2206	3739
PIERCE__WI	8382	11258	21189
POLK__WI	7570	13815	22749
PORTAGE__WI	18521	17306	38496
PRICE__WI	2669	4562	7577
RACINE__WI	42512	46611	94133
RICHLAND__WI	3577	4023	8055
ROCK__WI	39343	31488	76068
RUSK__WI	2171	4564	7087
ST__CROIX__WI	17486	26220	47508
SAUK__WI	14692	14791	31318
SAWYER__WI	3504	5185	9121
SHAWANO__WI	6056	12742	19751
SHEBOYGAN__WI	22956	32458	59655
TAYLOR__WI	2398	6589	9484
TREMPEALEAU__WI	5636	7364	13675
VERNON__WI	6352	6996	14213
VILAS__WI	4770	8169	13612
WALWORTH__WI	18706	28851	51324
WASHBURN__WI	3284	5404	9148
WASHINGTON__WI	20855	51729	78003
WAUKESHA__WI	79200	142521	239042
WAUPACA__WI	8440	16189	26024
WAUSHARA__WI	3792	7669	11999
WINNEBAGO__WI	37054	43448	87144
WOOD__WI	14232	21503	37800
ALBANY__WY	6890	7602	17060
BIG_HORN__WY	604	4067	5317
CAMPBELL__WY	1324	15778	18199
CARBON__WY	1279	4409	6374
CONVERSE__WY	668	5520	6654
CROOK__WY	273	3348	3826
FREMONT__WY	4200	11167	17023
GOSHEN__WY	924	4418	5796
HOT_SPRINGS__WY	400	1939	2586
JOHNSON__WY	638	3477	4417
LARAMIE__WY	11573	24847	40969
LINCOLN__WY	1105	6779	8875
NATRONA__WY	6577	23552	33348
NIOBRARA__WY	115	1116	1314
PARK__WY	2535	11115	15095
PLATTE__WY	719	3437	4529
SHERIDAN__WY	2927	10266	14510
SUBLETTE__WY	644	3409	4390
SWEETWATER__WY	3231	12154	17130
TETON__WY	7314	3921	12627
UINTA__WY	1202	6154	8470
WASHAKIE__WY	532	2911	3814
WESTON__WY	299	3033	3526
MAINE_UOCAVA__	3017	648	3986
FEDERAL_PRECINCT__	637	53	728
DISTRICT_1__AK	2573	3180	6638
DISTRICT_2__AK	1585	3188	5492
DISTRICT_3__AK	1241	5403	7613
DISTRICT_4__AK	4162	4070	9521
DISTRICT_5__AK	3187	3683	7906
DISTRICT_6__AK	2536	4929	8460
DISTRICT_7__AK	1510	5935	8294
DISTRICT_8__AK	1218	6126	8073
DISTRICT_9__AK	1843	6100	8954
DISTRICT_10__AK	1808	6255	9040
DISTRICT_11__AK	2142	6444	9689
DISTRICT_12__AK	1928	6629	9543
DISTRICT_13__AK	1684	4028	6533
DISTRICT_14__AK	3043	5978	10420
DISTRICT_15__AK	1828	2525	4982
DISTRICT_16__AK	3294	3203	7436
DISTRICT_17__AK	3290	2618	6788
DISTRICT_18__AK	3909	2684	7402
DISTRICT_19__AK	2669	1636	4792
DISTRICT_20__AK	4151	2187	7140
DISTRICT_21__AK	4224	3479	8647
DISTRICT_22__AK	3270	4203	8372
DISTRICT_23__AK	2894	3246	6924
DISTRICT_24__AK	3578	4709	9080
DISTRICT_25__AK	3378	3816	8127
DISTRICT_26__AK	3374	4548	8905
DISTRICT_27__AK	3729	4085	8783
DISTRICT_28__AK	4749	5423	11427
DISTRICT_29__AK	2101	6347	9394
DISTRICT_30__AK	1816	6194	8950
DISTRICT_31__AK	3466	5617	10182
DISTRICT_32__AK	2701	3764	7472
DISTRICT_33__AK	5978	2732	9934
DISTRICT_34__AK	4220	3955	9431
DISTRICT_35__AK	3749	4105	9042
DISTRICT_36__AK	2693	4460	8264
DISTRICT_37__AK	2421	1938	5062
DISTRICT_38__AK	2758	1143	5095
DISTRICT_39__AK	3142	1405	5639
DISTRICT_40__AK	2338	1377	4610
DISTRICT_99__	274	40	342
