_PARTIES	Democrat	Republican	Total
_COLORS	Blue	Red
AUTAUGA__AL	7503	19838	27770
BALDWIN__AL	24578	83544	109679
BARBOUR__AL	4816	5622	10518
BIBB__AL	1986	7525	9595
BLOUNT__AL	2640	24711	27588
BULLOCK__AL	3446	1146	4613
BUTLER__AL	3965	5458	9488
CALHOUN__AL	15216	35101	50983
CHAMBERS__AL	6365	8753	15284
CHEROKEE__AL	1624	10583	12301
CHILTON__AL	3073	16085	19310
CHOCTAW__AL	3127	4296	7464
CLARKE__AL	5755	7324	13135
CLAY__AL	1267	5601	6930
CLEBURNE__AL	675	6484	7227
COFFEE__AL	5076	16899	22275
COLBERT__AL	8343	19203	27886
CONECUH__AL	2966	3442	6441
COOSA__AL	1796	3631	5479
COVINGTON__AL	2721	14586	17430
CRENSHAW__AL	1700	4864	6617
CULLMAN__AL	4478	36880	41851
DALE__AL	5170	14303	19738
DALLAS__AL	12230	5524	17864
DEKALB__AL	4281	24767	29356
ELMORE__AL	10367	30164	41030
ESCAMBIA__AL	4918	10869	15910
ETOWAH__AL	11567	35528	47728
FAYETTE__AL	1395	7300	8766
FRANKLIN__AL	2086	10376	12578
GENEVA__AL	1595	10848	12545
GREENE__AL	3884	875	4775
HALE__AL	4663	3192	7900
HENRY__AL	2606	6607	9298
HOUSTON__AL	12917	32618	46173
JACKSON__AL	3717	19670	23636
JEFFERSON__AL	181688	138843	325848
LAMAR__AL	978	6174	7193
LAUDERDALE__AL	11915	31721	44339
LAWRENCE__AL	3562	12322	16031
LEE__AL	27860	42221	71449
LIMESTONE__AL	13672	34640	49235
LOWNDES__AL	4972	1836	6835
MACON__AL	7108	1541	8723
MADISON__AL	87286	102780	194767
MARENGO__AL	5488	5343	10900
MARION__AL	1463	12205	13807
MARSHALL__AL	5943	33191	39655
MOBILE__AL	79474	101243	183164
MONROE__AL	4455	6147	10668
MONTGOMERY__AL	64529	33311	99139
MORGAN__AL	13234	39664	53722
PERRY__AL	3860	1339	5230
PICKENS__AL	4022	5594	9668
PIKE__AL	5636	8042	13841
RANDOLPH__AL	2203	8559	10837
RUSSELL__AL	11228	9864	21329
ST__CLAIR__AL	7744	36166	44441
SHELBY__AL	33268	79700	114950
SUMTER__AL	4648	1598	6291
TALLADEGA__AL	13138	22235	35663
TALLAPOOSA__AL	5859	14963	20991
TUSCALOOSA__AL	37765	51117	90172
WALKER__AL	4834	26002	31170
WASHINGTON__AL	2258	6564	8876
WILCOX__AL	4048	1833	5903
WINSTON__AL	974	10195	11284
DISTRICT_1__AK	3477	3511	7314
DISTRICT_2__AK	2104	3674	6136
DISTRICT_3__AK	1903	6076	8385
DISTRICT_4__AK	5345	4690	10511
DISTRICT_5__AK	4204	4077	8654
DISTRICT_6__AK	3272	5770	9460
DISTRICT_7__AK	2215	7027	9622
DISTRICT_8__AK	1953	7618	9912
DISTRICT_9__AK	2769	7787	10993
DISTRICT_10__AK	2727	8081	11205
DISTRICT_11__AK	3130	7096	10628
DISTRICT_12__AK	2957	7893	11238
DISTRICT_13__AK	2666	4652	7713
DISTRICT_14__AK	4261	6714	11443
DISTRICT_15__AK	2622	2671	5559
DISTRICT_16__AK	4274	3516	8118
DISTRICT_17__AK	4136	2810	7239
DISTRICT_18__AK	4681	2760	7720
DISTRICT_19__AK	3118	1975	5301
DISTRICT_20__AK	4881	2383	7497
DISTRICT_21__AK	5414	3690	9429
DISTRICT_22__AK	4553	4684	9520
DISTRICT_23__AK	3810	3655	7739
DISTRICT_24__AK	4736	5378	10428
DISTRICT_25__AK	4600	4407	9325
DISTRICT_26__AK	4558	5243	10111
DISTRICT_27__AK	4844	4324	9506
DISTRICT_28__AK	6264	6162	12749
DISTRICT_29__AK	2985	7464	10747
DISTRICT_30__AK	2638	7180	10176
DISTRICT_31__AK	5037	6971	12410
DISTRICT_32__AK	3506	4440	8335
DISTRICT_33__AK	7535	3059	10955
DISTRICT_34__AK	5763	4543	10729
DISTRICT_35__AK	5011	4769	10102
DISTRICT_36__AK	3796	5114	9292
DISTRICT_37__AK	2560	2358	5142
DISTRICT_38__AK	3202	1737	5299
DISTRICT_39__AK	3580	1939	5891
DISTRICT_40__AK	2318	1994	4603
DISTRICT_99__AK	373	59	433
APACHE__AZ	23293	11442	35172
COCHISE__AZ	23732	35557	60442
COCONINO__AZ	44698	27052	73272
GILA__AZ	8943	18377	27662
GRAHAM__AZ	4034	10749	14995
GREENLEE__AZ	1182	2433	3685
LA_PAZ__AZ	2236	5129	7458
MARICOPA__AZ	1040774	995665	2068144
MOHAVE__AZ	24831	78535	104668
NAVAJO__AZ	23383	27657	51767
PIMA__AZ	304981	207758	520397
PINAL__AZ	75106	107077	184974
SANTA_CRUZ__AZ	13138	6194	19556
YAVAPAI__AZ	49602	91527	143221
YUMA__AZ	32210	36534	69881
ARKANSAS__AR	1818	4304	6292
ASHLEY__AR	2125	5548	7926
BAXTER__AR	4635	15836	21007
BENTON__AR	42249	73965	119912
BOONE__AR	3064	13652	17114
BRADLEY__AR	1214	2335	3654
CALHOUN__AR	479	1636	2182
CARROLL__AR	4023	7424	11797
CHICOT__AR	2260	1752	4103
CLARK__AR	3438	4616	8395
CLAY__AR	962	4086	5183
CLEBURNE__AR	1988	10328	12680
CLEVELAND__AR	651	2867	3600
COLUMBIA__AR	2814	5500	8616
CONWAY__AR	2615	5694	8685
CRAIGHEAD__AR	11921	25558	38511
CRAWFORD__AR	4959	18607	24091
CRITTENDEN__AR	8514	7333	16367
CROSS__AR	1772	4946	6942
DALLAS__AR	963	1573	2649
DESHA__AR	2016	1921	4164
DREW__AR	2426	4349	6908
FAULKNER__AR	18347	34421	54428
FRANKLIN__AR	1300	5677	7129
FULTON__AR	1035	3961	5119
GARLAND__AR	14045	29069	44199
GRANT__AR	1268	6794	8200
GREENE__AR	3058	12670	16100
HEMPSTEAD__AR	2138	4470	6848
HOT_SPRING__AR	3082	9202	12557
HOWARD__AR	1340	3367	4834
INDEPENDENCE__AR	2806	11250	14512
IZARD__AR	1021	4631	5810
JACKSON__AR	1365	3593	5091
JEFFERSON__AR	14981	9521	25158
JOHNSON__AR	2283	6938	9498
LAFAYETTE__AR	839	1757	2679
LAWRENCE__AR	1080	4569	5857
LEE__AR	1423	1286	2848
LINCOLN__AR	1032	2729	3875
LITTLE_RIVER__AR	1226	3715	5177
LOGAN__AR	1544	6441	8225
LONOKE__AR	6686	22884	30662
MADISON__AR	1563	5658	7351
MARION__AR	1531	5783	7503
MILLER__AR	4245	11920	16529
MISSISSIPPI__AR	4558	7296	12342
MONROE__AR	1147	1545	2816
MONTGOMERY__AR	731	3046	3873
NEVADA__AR	1076	2133	3358
NEWTON__AR	709	3192	3998
OUACHITA__AR	3995	5294	9629
PERRY__AR	1012	3479	4627
PHILLIPS__AR	3623	2417	6242
PIKE__AR	644	3519	4246
POINSETT__AR	1424	5918	7521
POLK__AR	1246	7035	8490
POPE__AR	5772	18081	24432
PRAIRIE__AR	654	2786	3495
PULASKI__AR	101947	63687	169956
RANDOLPH__AR	1215	5355	6812
ST__FRANCIS__AR	3604	3242	7108
SALINE__AR	16060	39556	56959
SCOTT__AR	483	2962	3551
SEARCY__AR	588	3365	4019
SEBASTIAN__AR	14487	31198	47140
SEVIER__AR	1116	3884	5202
SHARP__AR	1398	5938	7566
STONE__AR	1180	4616	5938
UNION__AR	5584	10478	16607
VAN_BUREN__AR	1593	6034	7807
WASHINGTON__AR	43824	47504	94266
WHITE__AR	5978	24182	30885
WOODRUFF__AR	856	1543	2476
YELL__AR	1284	5226	6741
ALAMEDA__CA	617659	136309	770070
ALPINE__CA	476	244	741
AMADOR__CA	8153	13585	22304
BUTTE__CA	50426	48730	102066
CALAVERAS__CA	10046	16518	27164
COLUSA__CA	3239	4559	7961
CONTRA_COSTA__CA	416386	152877	581316
DEL_NORTE__CA	4677	6461	11453
EL_DORADO__CA	51621	61838	116159
FRESNO__CA	193025	164464	364917
GLENN__CA	3995	7063	11297
HUMBOLDT__CA	44768	21770	68843
IMPERIAL__CA	34678	20847	56743
INYO__CA	4634	4620	9484
KERN__CA	133366	164484	305292
KINGS__CA	18699	24072	43861
LAKE__CA	14941	13123	28812
LASSEN__CA	2799	8970	11987
LOS_ANGELES__CA	3028885	1145530	4264365
MADERA__CA	23168	29378	53732
MARIN__CA	128288	24612	155830
MARIPOSA__CA	4088	5950	10280
MENDOCINO__CA	28782	13267	43340
MERCED__CA	48991	39397	90554
MODOC__CA	1150	3109	4343
MONO__CA	4013	2513	6738
MONTEREY__CA	113953	46299	163923
NAPA__CA	49817	20676	72150
NEVADA__CA	36359	26779	64750
ORANGE__CA	814009	676498	1522113
PLACER__CA	106869	122488	235084
PLUMAS__CA	4561	6445	11260
RIVERSIDE__CA	528340	449144	997156
SACRAMENTO__CA	440808	259405	718440
SAN_BENITO__CA	17628	10590	28830
SAN_BERNARDINO__CA	455859	366257	841130
SAN_DIEGO__CA	964650	600094	1602143
SAN_FRANCISCO__CA	378156	56417	443553
SAN_JOAQUIN__CA	161137	121098	286228
SAN_LUIS_OBISPO__CA	88310	67436	159714
SAN_MATEO__CA	291496	75584	374251
SANTA_BARBARA__CA	129963	65736	200339
SANTA_CLARA__CA	617967	214612	850741
SANTA_CRUZ__CA	114246	26937	144837
SHASTA__CA	30000	60789	92930
SIERRA__CA	730	1142	1931
SISKIYOU__CA	9593	13290	23472
SOLANO__CA	131639	69306	205877
SONOMA__CA	199938	61825	268317
STANISLAUS__CA	105841	104145	214954
SUTTER__CA	17367	24375	42644
TEHAMA__CA	8911	19141	28731
TRINITY__CA	2851	3188	6259
TULARE__CA	66105	77579	146885
TUOLUMNE__CA	11978	17689	30408
VENTURA__CA	251388	162207	422825
YOLO__CA	67598	27292	97294
YUBA__CA	11230	17676	29796
ADAMS__CO	134202	95657	236740
ALAMOSA__CO	3759	3813	7808
ARAPAHOE__CO	213607	127323	350183
ARCHULETA__CO	3738	5189	9144
BACA__CO	317	1867	2225
BENT__CO	732	1503	2274
BOULDER__CO	159089	42501	206111
BROOMFIELD__CO	29077	16295	46632
CHAFFEE__CO	7160	6222	13718
CHEYENNE__CO	131	993	1136
CLEAR_CREEK__CO	3604	2754	6548
CONEJOS__CO	1959	2286	4333
COSTILLA__CO	1311	741	2094
CROWLEY__CO	437	1271	1750
CUSTER__CO	1112	2474	3635
DELTA__CO	5887	13081	19370
DENVER__CO	313293	71618	393829
DOLORES__CO	341	1089	1449
DOUGLAS__CO	104653	121270	231605
EAGLE__CO	18588	9892	29140
ELBERT__CO	4490	14027	18983
EL_PASO__CO	161941	202828	378851
FREMONT__CO	7369	17517	25557
GARFIELD__CO	15427	14717	30904
GILPIN__CO	2223	1833	4186
GRAND__CO	4710	4883	9870
GUNNISON__CO	7132	3735	11190
HINSDALE__CO	255	353	632
HUERFANO__CO	2076	2203	4406
JACKSON__CO	175	681	876
JEFFERSON__CO	218396	148417	377358
KIOWA__CO	98	795	903
KIT_CARSON__CO	662	3144	3871
LAKE__CO	2303	1497	3961
LA_PLATA__CO	20548	14233	35667
LARIMER__CO	126120	91489	224338
LAS_ANIMAS__CO	3497	4284	7961
LINCOLN__CO	470	2135	2651
LOGAN__CO	2218	8087	10532
MESA__CO	31536	56894	90623
MINERAL__CO	317	427	756
MOFFAT__CO	1203	5670	7026
MONTEZUMA__CO	5836	9306	15500
MONTROSE__CO	7687	16770	24922
MORGAN__CO	3876	9593	13744
OTERO__CO	3605	5756	9576
OURAY__CO	2365	1577	4020
PARK__CO	4903	6991	12291
PHILLIPS__CO	486	1958	2485
PITKIN__CO	8989	2780	11957
PROWERS__CO	1458	4008	5561
PUEBLO__CO	43772	42252	88301
RIO_BLANCO__CO	561	3061	3691
RIO_GRANDE__CO	2495	3660	6305
ROUTT__CO	10582	5925	16876
SAGUACHE__CO	1884	1413	3389
SAN_JUAN__CO	342	202	562
SAN_MIGUEL__CO	3924	1136	5147
SEDGWICK__CO	301	1121	1446
SUMMIT__CO	12631	5322	18479
TELLER__CO	5278	11241	16939
WASHINGTON__CO	369	2595	3008
WELD__CO	66060	96145	166974
YUMA__CO	785	4107	4981
FAIRFIELD__CT	297505	168445	472396
HARTFORD__CT	283368	159024	449336
LITCHFIELD__CT	50164	55601	107544
MIDDLESEX__CT	56848	40665	99198
NEW_HAVEN__CT	242630	169893	417983
NEW_LONDON__CT	79459	57110	139604
TOLLAND__CT	44151	34838	80714
WINDHAM__CT	26706	29141	57082
KENT__DE	44552	41009	87025
NEW_CASTLE__DE	195034	88364	287633
SUSSEX__DE	56682	71230	129352
DISTRICT_OF_COLUMBIA__DC	317323	18586	344356
ALACHUA__FL	89704	50972	142604
BAKER__FL	2037	11911	14059
BAY__FL	25614	66097	93024
BRADFORD__FL	3160	10334	13632
BREVARD__FL	148549	207883	360764
BROWARD__FL	618752	333409	957672
CALHOUN__FL	1209	5274	6526
CHARLOTTE__FL	42273	73243	116340
CITRUS__FL	27092	65352	93208
CLAY__FL	38317	84480	124405
COLLIER__FL	77621	128950	207818
COLUMBIA__FL	8914	23836	33042
DESOTO__FL	4259	8313	12659
DIXIE__FL	1365	6759	8167
DUVAL__FL	252556	233762	492820
ESCAMBIA__FL	70929	96674	170372
FLAGLER__FL	28161	43043	71716
FRANKLIN__FL	2120	4675	6849
GADSDEN__FL	16153	7465	23762
GILCHRIST__FL	1700	7895	9685
GLADES__FL	1385	3782	5193
GULF__FL	1985	6113	8163
HAMILTON__FL	1963	3815	5830
HARDEE__FL	2298	6122	8485
HENDRY__FL	4929	7906	12940
HERNANDO__FL	37519	70412	108922
HIGHLANDS__FL	16938	34873	52170
HILLSBOROUGH__FL	376367	327398	712063
HOLMES__FL	924	8080	9068
INDIAN_RIVER__FL	37844	58872	97484
JACKSON__FL	6766	15488	22419
JEFFERSON__FL	3897	4479	8451
LAFAYETTE__FL	510	3128	3658
LAKE__FL	83505	125859	211314
LEE__FL	157695	233247	393899
LEON__FL	103517	57453	162929
LEVY__FL	6205	16749	23145
LIBERTY__FL	694	2846	3561
MADISON__FL	3747	5576	9380
MANATEE__FL	90166	124987	216958
MARION__FL	74858	127826	204376
MARTIN__FL	36893	61168	98726
MIAMI_DADE__FL	617864	532833	1156816
MONROE__FL	21881	25693	48029
NASSAU__FL	15564	42566	58811
OKALOOSA__FL	34248	79798	116373
OKEECHOBEE__FL	4390	11470	15954
ORANGE__FL	395014	245398	647403
OSCEOLA__FL	97297	73480	172436
PALM_BEACH__FL	433572	334711	773158
PASCO__FL	119073	179621	301970
PINELLAS__FL	277450	276209	559715
POLK__FL	145049	194586	343256
PUTNAM__FL	10527	25514	36373
ST__JOHNS__FL	63850	110946	176622
ST__LUCIE__FL	84137	86831	172169
SANTA_ROSA__FL	27612	77385	106928
SARASOTA__FL	120110	148370	270575
SEMINOLE__FL	132528	125241	260815
SUMTER__FL	29341	62761	92485
SUWANNEE__FL	4485	16410	21057
TAYLOR__FL	2299	7751	10127
UNION__FL	1053	5133	6245
VOLUSIA__FL	130575	173821	307439
WAKULLA__FL	5351	12874	18404
WALTON__FL	10338	32947	43711
WASHINGTON__FL	2347	9876	12327
APPLING__GA	1779	6526	8341
ATKINSON__GA	825	2300	3155
BACON__GA	625	4018	4668
BAKER__GA	652	897	1555
BALDWIN__GA	9140	8903	18251
BANKS__GA	932	7795	8801
BARROW__GA	10453	26804	37921
BARTOW__GA	12092	37674	50467
BEN_HILL__GA	2392	4110	6560
BERRIEN__GA	1269	6419	7743
BIBB__GA	43468	26585	70802
BLECKLEY__GA	1311	4328	5706
BRANTLEY__GA	699	6991	7746
BROOKS__GA	2790	4260	7100
BRYAN__GA	6739	14244	21340
BULLOCH__GA	11243	18386	30084
BURKE__GA	5209	5400	10684
BUTTS__GA	3274	8406	11771
CALHOUN__GA	1260	923	2194
CAMDEN__GA	7967	15251	23688
CANDLER__GA	1269	3133	4431
CARROLL__GA	16238	37476	54474
CATOOSA__GA	6932	25167	32593
CHARLTON__GA	1103	3419	4566
CHATHAM__GA	78254	53237	133420
CHATTAHOOCHEE__GA	667	880	1582
CHATTOOGA__GA	1854	8064	10050
CHEROKEE__GA	42794	99587	144830
CLARKE__GA	36048	14446	51333
CLAY__GA	790	637	1434
CLAYTON__GA	95476	15813	112344
CLINCH__GA	747	2105	2864
COBB__GA	221846	165459	393746
COFFEE__GA	4511	10578	15214
COLQUITT__GA	4187	11777	16083
COLUMBIA__GA	29236	50013	80579
COOK__GA	2059	4900	7035
COWETA__GA	24210	51501	76799
CRAWFORD__GA	1615	4428	6102
CRISP__GA	2986	4987	8039
DADE__GA	1261	6066	7434
DAWSON__GA	2486	13398	16081
DECATUR__GA	4780	6758	11627
DEKALB__GA	308227	58373	370804
DODGE__GA	2171	5843	8070
DOOLY__GA	1911	2159	4105
DOUGHERTY__GA	24577	10454	35311
DOUGLAS__GA	42809	25451	69097
EARLY__GA	2437	2722	5187
ECHOLS__GA	167	1256	1441
EFFINGHAM__GA	7720	23358	31570
ELBERT__GA	2879	6226	9171
EMANUEL__GA	2884	6551	9501
EVANS__GA	1324	2888	4247
FANNIN__GA	2571	12169	14850
FAYETTE__GA	33065	37952	71993
FLOYD__GA	12008	29123	41648
FORSYTH__GA	42203	85122	129305
FRANKLIN__GA	1593	9069	10765
FULTON__GA	381144	137240	524659
GILMER__GA	2932	13429	16525
GLASCOCK__GA	155	1403	1566
GLYNN__GA	15879	25616	41984
GORDON__GA	4384	19405	24033
GRADY__GA	3619	7034	10707
GREENE__GA	4088	7068	11247
GWINNETT__GA	241827	166413	413865
HABERSHAM__GA	3563	16637	20432
HALL__GA	25031	64170	90523
HANCOCK__GA	2985	1159	4165
HARALSON__GA	1792	12331	14248
HARRIS__GA	5457	14319	19991
HART__GA	3157	9464	12727
HEARD__GA	824	4516	5391
HENRY__GA	73276	48187	122742
HOUSTON__GA	32232	41534	74823
IRWIN__GA	1008	3134	4168
JACKSON__GA	7642	29497	37670
JASPER__GA	1761	5822	7644
JEFF_DAVIS__GA	1028	4695	5771
JEFFERSON__GA	4061	3537	7642
JENKINS__GA	1266	2161	3455
JOHNSON__GA	1222	2850	4100
JONES__GA	4888	9965	14966
LAMAR__GA	2615	6330	9039
LANIER__GA	1019	2509	3576
LAURENS__GA	8073	14493	22729
LEE__GA	4558	12007	16714
LIBERTY__GA	13099	7959	21389
LINCOLN__GA	1435	3179	4650
LONG__GA	2033	3528	5656
LOWNDES__GA	20117	25691	46355
LUMPKIN__GA	3126	12163	15531
MCDUFFIE__GA	4168	6169	10455
MCINTOSH__GA	2612	4016	6696
MACON__GA	2857	1783	4662
MADISON__GA	3411	11326	14937
MARION__GA	1311	2275	3624
MERIWETHER__GA	4287	6524	10877
MILLER__GA	749	2066	2835
MITCHELL__GA	3995	4935	8963
MONROE__GA	4384	11060	15592
MONTGOMERY__GA	979	2960	3966
MORGAN__GA	3355	8230	11707
MURRAY__GA	2302	12943	15389
MUSCOGEE__GA	49529	30049	80543
NEWTON__GA	29794	23869	54239
OCONEE__GA	8162	16595	25168
OGLETHORPE__GA	2436	5593	8131
PAULDING__GA	29704	54525	85385
PEACH__GA	5920	6502	12545
PICKENS__GA	2808	14075	17116
PIERCE__GA	1100	7899	9048
PIKE__GA	1505	9127	10720
POLK__GA	3658	13589	17399
PULASKI__GA	1217	2805	4059
PUTNAM__GA	3448	8291	11855
QUITMAN__GA	497	604	1106
RABUN__GA	1984	7474	9568
RANDOLPH__GA	1671	1391	3074
RICHMOND__GA	59124	26781	87016
ROCKDALE__GA	31244	13012	44686
SCHLEY__GA	462	1800	2275
SCREVEN__GA	2661	3916	6628
SEMINOLE__GA	1254	2611	3884
SPALDING__GA	11784	18057	30116
STEPHENS__GA	2385	9368	11885
STEWART__GA	1182	801	1990
SUMTER__GA	6318	5732	12150
TALBOT__GA	2114	1392	3522
TALIAFERRO__GA	561	360	928
TATTNALL__GA	2061	6053	8183
TAYLOR__GA	1387	2418	3839
TELFAIR__GA	1487	2825	4333
TERRELL__GA	2376	2004	4416
THOMAS__GA	8708	12954	21853
TIFT__GA	5322	10784	16283
TOOMBS__GA	2939	7872	10914
TOWNS__GA	1550	6384	7979
TREUTLEN__GA	952	2101	3077
TROUP__GA	11578	18143	30049
TURNER__GA	1410	2349	3792
TWIGGS__GA	2044	2370	4444
UNION__GA	2801	12651	15560
UPSON__GA	4201	8608	12905
WALKER__GA	5769	23174	29354
WALTON__GA	12682	37842	51095
WARE__GA	4211	9865	14192
WARREN__GA	1469	1166	2651
WASHINGTON__GA	4730	4663	9459
WAYNE__GA	2687	9987	12778
WEBSTER__GA	639	748	1390
WHEELER__GA	689	1583	2285
WHITE__GA	2411	12222	14816
WHITFIELD__GA	10670	25636	36746
WILCOX__GA	862	2403	3281
WILKES__GA	2160	2823	5029
WILKINSON__GA	2075	2664	4770
WORTH__GA	2395	6830	9285
HAWAII__HI	58731	26897	87814
HONOLULU__HI	238866	136250	382102
KAUAI__HI	21225	11582	33497
MAUI__HI	47305	22126	71044
ADA__ID	120539	130699	259389
ADAMS__ID	591	1941	2586
BANNOCK__ID	14682	23331	39553
BEAR_LAKE__ID	350	2914	3315
BENEWAH__ID	977	3878	4973
BINGHAM__ID	4124	15295	19996
BLAINE__ID	8919	4032	13289
BOISE__ID	1204	3485	4820
BONNER__ID	8310	18369	27335
BONNEVILLE__ID	14254	37805	53995
BOUNDARY__ID	1220	4937	6313
BUTTE__ID	188	1202	1415
CAMAS__ID	149	507	754
CANYON__ID	25881	61759	90410
CARIBOU__ID	431	2906	3416
CASSIA__ID	1464	7907	9629
CLARK__ID	41	264	311
CLEARWATER__ID	877	3453	4419
CUSTER__ID	603	2089	2739
ELMORE__ID	2601	7246	10205
FRANKLIN__ID	657	5845	6664
FREMONT__ID	998	5548	6719
GEM__ID	1803	7951	9958
GOODING__ID	1256	4659	6050
IDAHO__ID	1561	7826	9602
JEFFERSON__ID	1661	12099	14173
JEROME__ID	1893	5734	7812
KOOTENAI__ID	24312	62837	89467
LATAH__ID	10236	9472	20570
LEMHI__ID	1032	3592	4738
LEWIS__ID	349	1489	1870
LINCOLN__ID	414	1469	1940
MADISON__ID	2666	13559	17112
MINIDOKA__ID	1550	6265	7993
NEZ_PERCE__ID	6686	13738	20967
ONEIDA__ID	249	2148	2451
OWYHEE__ID	816	3819	4742
PAYETTE__ID	2161	8862	11293
POWER__ID	865	2116	3074
SHOSHONE__ID	1693	4216	6049
TETON__ID	3318	2858	6347
TWIN_FALLS__ID	9391	25897	36501
VALLEY__ID	2976	3947	7063
WASHINGTON__ID	1073	4154	5344
ADAMS__IL	8633	24220	33527
ALEXANDER__IL	1114	1486	2618
BOND__IL	2288	5625	8145
BOONE__IL	10542	13883	24979
BROWN__IL	486	1931	2521
BUREAU__IL	6669	10411	17434
CALHOUN__IL	677	2046	2772
CARROLL__IL	2748	5105	8024
CASS__IL	1615	3625	5317
CHAMPAIGN__IL	57067	35285	95142
CHRISTIAN__IL	4335	11563	16204
CLARK__IL	1993	6226	8356
CLAY__IL	1129	5629	6886
CLINTON__IL	4493	14304	19170
COLES__IL	8067	14037	22606
COOK__IL	1725973	558269	2321486
CRAWFORD__IL	2202	7043	9425
CUMBERLAND__IL	1142	4601	5832
DEKALB__IL	24643	21905	47825
DE_WITT__IL	2191	5632	8024
DOUGLAS__IL	2335	6227	8738
DUPAGE__IL	281222	193611	485104
EDGAR__IL	1887	6193	8196
EDWARDS__IL	488	2833	3366
EFFINGHAM__IL	3716	15006	19049
FAYETTE__IL	1826	8055	10056
FORD__IL	1754	5048	6953
FRANKLIN__IL	4760	13622	18626
FULTON__IL	6503	9867	16678
GALLATIN__IL	622	2019	2674
GREENE__IL	1349	4770	6227
GRUNDY__IL	9626	16523	26691
HAMILTON__IL	824	3432	4315
HANCOCK__IL	2315	6906	9383
HARDIN__IL	449	1691	2162
HENDERSON__IL	1187	2394	3647
HENRY__IL	9797	15300	25635
IROQUOIS__IL	2908	10877	14025
JACKSON__IL	11181	10890	22643
JASPER__IL	1007	4494	5576
JEFFERSON__IL	4608	12476	17404
JERSEY__IL	2961	8712	11937
JO_DAVIESS__IL	5109	7166	12496
JOHNSON__IL	1281	5059	6437
KANE__IL	130166	96775	231876
KANKAKEE__IL	20271	28532	49902
KENDALL__IL	33168	29492	63974
KNOX__IL	10703	12009	23143
LAKE__IL	204032	123594	334177
LA_SALLE__IL	22442	30113	53591
LAWRENCE__IL	1419	4886	6411
LEE__IL	6407	9630	16397
LIVINGSTON__IL	4615	12208	17174
LOGAN__IL	3840	9136	13294
MCDONOUGH__IL	4992	7027	12285
MCHENRY__IL	78154	82260	163879
MCLEAN__IL	43933	40502	87002
MACON__IL	19847	28589	49390
MACOUPIN__IL	7365	16153	24022
MADISON__IL	57836	76031	137139
MARION__IL	4524	12678	17458
MARSHALL__IL	2005	4197	6334
MASON__IL	1985	4654	6766
MASSAC__IL	1725	4997	6813
MENARD__IL	2022	4764	6928
MERCER__IL	3280	5418	8893
MONROE__IL	6569	14142	21148
MONTGOMERY__IL	3905	9544	13727
MORGAN__IL	5076	9950	15309
MOULTRIE__IL	1662	4964	6744
OGLE__IL	9428	16248	26272
PEORIA__IL	43578	38252	83973
PERRY__IL	2612	7313	10053
PIATT__IL	3329	6248	9822
PIKE__IL	1484	6332	7949
POPE__IL	433	1722	2175
PULASKI__IL	891	1699	2624
PUTNAM__IL	1338	1993	3390
RANDOLPH__IL	3592	11076	14891
RICHLAND__IL	1830	6089	8063
ROCK_ISLAND__IL	36691	28603	66758
ST__CLAIR__IL	68325	57150	128091
SALINE__IL	2789	8103	11066
SANGAMON__IL	48917	53485	104752
SCHUYLER__IL	1068	2773	3906
SCOTT__IL	572	2114	2737
SHELBY__IL	2504	9426	12097
STARK__IL	815	2004	2883
STEPHENSON__IL	9055	12521	22048
TAZEWELL__IL	24819	42513	69052
UNION__IL	2579	6161	8886
VERMILION__IL	10323	20725	31584
WABASH__IL	1253	4237	5593
WARREN__IL	3090	4676	7909
WASHINGTON__IL	1641	6115	7902
WAYNE__IL	1187	7176	8486
WHITE__IL	1517	5791	7421
WHITESIDE__IL	12253	14527	27375
WILL__IL	183915	155116	345105
WILLIAMSON__IL	10206	22801	33653
WINNEBAGO__IL	64056	60861	127709
WOODFORD__IL	6160	14799	21432
ADAMS__IN	3236	10686	14209
ALLEN__IN	73189	92083	169082
BARTHOLOMEW__IN	12934	22410	36235
BENTON__IN	1009	3007	4114
BLACKFORD__IN	1376	3841	5351
BOONE__IN	15244	22351	38520
BROWN__IN	3036	5777	8981
CARROLL__IN	2224	7086	9495
CASS__IN	4304	10552	15198
CLARK__IN	23093	33668	57869
CLAY__IN	2552	9499	12267
CLINTON__IN	3361	9334	12949
CRAWFORD__IN	1355	3483	4944
DAVIESS__IN	2169	9576	11954
DEARBORN__IN	5446	19528	25383
DECATUR__IN	2439	9575	12287
DEKALB__IN	4966	14237	19628
DELAWARE__IN	20474	26827	48191
DUBOIS__IN	6292	15033	21770
ELKHART__IN	26108	46972	74387
FAYETTE__IN	2237	7755	10136
FLOYD__IN	17511	23400	41802
FOUNTAIN__IN	1629	6154	7986
FRANKLIN__IN	2137	9691	12000
FULTON__IN	2280	6694	9147
GIBSON__IN	4023	11817	16161
GRANT__IN	8015	18543	27159
GREENE__IN	3389	11103	14784
HAMILTON__IN	88390	101587	193999
HANCOCK__IN	12895	28996	42911
HARRISON__IN	5343	14565	20236
HENDRICKS__IN	32604	53802	88505
HENRY__IN	5544	15043	21030
HOWARD__IN	13303	26449	40630
HUNTINGTON__IN	4255	13147	17829
JACKSON__IN	4302	14555	19238
JASPER__IN	3798	11383	15475
JAY__IN	1926	6361	8461
JEFFERSON__IN	4731	9663	14697
JENNINGS__IN	2523	9490	12251
JOHNSON__IN	24736	51219	77618
KNOX__IN	4067	11655	16011
KOSCIUSKO__IN	8364	26499	35787
LAGRANGE__IN	2355	8110	10633
LAKE__IN	124870	91760	219956
LAPORTE__IN	22427	25997	49392
LAWRENCE__IN	4961	15601	21025
MADISON__IN	19524	31215	51793
MARION__IN	247772	134175	389619
MARSHALL__IN	5712	13844	19927
MARTIN__IN	1011	4029	5144
MIAMI__IN	3235	10925	14473
MONROE__IN	39861	22071	63151
MONTGOMERY__IN	4213	12659	17198
MORGAN__IN	7781	27512	36159
NEWTON__IN	1509	4942	6591
NOBLE__IN	4660	14195	19190
OHIO__IN	668	2054	3075
ORANGE__IN	2224	6432	8832
OWEN__IN	2420	7286	9904
PARKE__IN	1503	5400	7013
PERRY__IN	3203	5345	8722
PIKE__IN	1415	4692	6220
PORTER__IN	39746	45008	86509
POSEY__IN	3811	9206	13236
PULASKI__IN	1463	4246	5806
PUTNAM__IN	3946	12278	16597
RANDOLPH__IN	2513	8312	11070
RIPLEY__IN	2774	11261	14271
RUSH__IN	1754	6035	7932
ST__JOSEPH__IN	59896	53164	115238
SCOTT__IN	2701	7331	10167
SHELBY__IN	5023	14568	19991
SPENCER__IN	3213	7357	10769
STARKE__IN	2650	7466	10290
STEUBEN__IN	4513	11327	16162
SULLIVAN__IN	2153	6691	8994
SWITZERLAND__IN	964	3133	4154
TIPPECANOE__IN	35017	34581	71448
TIPTON__IN	1834	6110	8116
UNION__IN	736	2688	3483
VANDERBURGH__IN	34415	41844	77662
VERMILLION__IN	2145	5184	7481
VIGO__IN	18123	24545	43594
WABASH__IN	3494	10762	14576
WARREN__IN	974	3401	4472
WARRICK__IN	11923	21326	33829
WASHINGTON__IN	2784	9114	12139
WAYNE__IN	9524	17567	27679
WELLS__IN	2928	10855	14050
WHITE__IN	3032	7957	11166
WHITLEY__IN	4234	12862	17556
ADAIR__IA	1198	2922	4177
ADAMS__IA	590	1535	2160
ALLAMAKEE__IA	2576	4744	7422
APPANOOSE__IA	1891	4522	6516
AUDUBON__IA	1071	2299	3420
BENTON__IA	5160	9208	14642
BLACK_HAWK__IA	35647	29813	66593
BOONE__IA	6303	8729	15340
BREMER__IA	5958	8324	14546
BUCHANAN__IA	4169	6430	10774
BUENA_VISTA__IA	2961	5074	8167
BUTLER__IA	2424	5556	8098
CALHOUN__IA	1470	3698	5258
CARROLL__IA	3454	7766	11335
CASS__IA	2201	4979	7276
CEDAR__IA	4337	6184	10703
CERRO_GORDO__IA	10941	12499	23801
CHEROKEE__IA	1936	4510	6518
CHICKASAW__IA	2233	4322	6631
CLARKE__IA	1466	3153	4670
CLAY__IA	2662	6158	8969
CLAYTON__IA	3340	6119	9594
CLINTON__IA	10812	13410	24687
CRAWFORD__IA	2220	4862	7154
DALLAS__IA	26879	28162	56022
DAVIS__IA	1013	3035	4102
DECATUR__IA	1120	2618	3804
DELAWARE__IA	3157	6688	10003
DES_MOINES__IA	8893	10642	19956
DICKINSON__IA	3661	7452	11244
DUBUQUE__IA	25657	27358	53926
EMMET__IA	1520	3268	4853
FAYETTE__IA	3835	6174	10186
FLOYD__IA	3172	4747	8032
FRANKLIN__IA	1626	3433	5130
FREMONT__IA	1080	2717	3857
GREENE__IA	1769	3229	5057
GRUNDY__IA	2206	4945	7276
GUTHRIE__IA	1985	4280	6371
HAMILTON__IA	2843	4982	7943
HANCOCK__IA	1683	4401	6172
HARDIN__IA	2976	5864	8989
HARRISON__IA	2440	5580	8155
HENRY__IA	3275	6525	9982
HOWARD__IA	1772	3133	4958
HUMBOLDT__IA	1442	3825	5327
IDA__IA	917	2885	3849
IOWA__IA	3547	6035	9742
JACKSON__IA	4029	6957	11135
JASPER__IA	7737	12125	20184
JEFFERSON__IA	4319	4476	8959
JOHNSON__IA	59177	23206	83851
JONES__IA	4213	6596	10989
KEOKUK__IA	1414	3809	5303
KOSSUTH__IA	2696	6288	9090
LEE__IA	6541	9808	16734
LINN__IA	70874	53744	127458
LOUISA__IA	1726	3506	5332
LUCAS__IA	1284	3295	4630
LYON__IA	1067	5718	6863
MADISON__IA	3134	6525	9824
MAHASKA__IA	2894	8320	11404
MARION__IA	6178	12722	19232
MARSHALL__IA	8176	9610	18136
MILLS__IA	2508	5616	8268
MITCHELL__IA	2053	3684	5822
MONONA__IA	1407	3262	4728
MONROE__IA	1078	2978	4088
MONTGOMERY__IA	1583	3666	5327
MUSCATINE__IA	9372	10865	20671
O_BRIEN__IA	1569	5871	7551
OSCEOLA__IA	601	2695	3328
PAGE__IA	2086	5328	7528
PALO_ALTO__IA	1519	3378	4958
PLYMOUTH__IA	3494	10515	14188
POCAHONTAS__IA	933	2832	3823
POLK__IA	146250	107564	258755
POTTAWATTAMIE__IA	18575	26352	45744
POWESHIEK__IA	4306	5673	10140
RINGGOLD__IA	709	1974	2714
SAC__IA	1389	4069	5535
SCOTT__IA	46926	43958	92599
SHELBY__IA	1959	4711	6795
SIOUX__IA	3019	15775	19051
STORY__IA	29175	20541	51038
TAMA__IA	3577	5325	9048
TAYLOR__IA	746	2470	3249
UNION__IA	2061	4024	6185
VAN_BUREN__IA	875	2870	3791
WAPELLO__IA	5821	9536	15633
WARREN__IA	12574	17868	31039
WASHINGTON__IA	4561	6991	11765
WAYNE__IA	727	2344	3109
WEBSTER__IA	6613	10970	17822
WINNEBAGO__IA	2135	3726	5970
WINNESHIEK__IA	5617	6263	12064
WOODBURY__IA	18704	25926	45362
WORTH__IA	1596	2742	4418
WRIGHT__IA	1996	4148	6254
ALLEN__KS	1570	4218	5892
ANDERSON__KS	782	2929	3792
ATCHISON__KS	2359	4906	7440
BARBER__KS	291	2014	2342
BARTON__KS	2340	8608	11130
BOURBON__KS	1541	5023	6676
BROWN__KS	1104	3262	4471
BUTLER__KS	9181	22634	32520
CHASE__KS	345	1123	1491
CHAUTAUQUA__KS	212	1402	1639
CHEROKEE__KS	2194	6766	9128
CHEYENNE__KS	224	1183	1429
CLARK__KS	143	904	1067
CLAY__KS	894	3177	4182
CLOUD__KS	920	3242	4263
COFFEY__KS	964	3489	4565
COMANCHE__KS	126	762	916
COWLEY__KS	4273	9656	14231
CRAWFORD__KS	6179	10045	16645
DECATUR__KS	218	1260	1498
DICKINSON__KS	2060	7126	9349
DONIPHAN__KS	686	2976	3709
DOUGLAS__KS	40785	17286	59495
EDWARDS__KS	271	1141	1431
ELK__KS	195	1140	1361
ELLIS__KS	3737	9758	13800
ELLSWORTH__KS	648	2148	2853
FINNEY__KS	4325	7236	11800
FORD__KS	2947	5803	8915
FRANKLIN__KS	3690	8479	12477
GEARY__KS	3983	5323	9603
GOVE__KS	166	1291	1471
GRAHAM__KS	228	1080	1337
GRANT__KS	518	1936	2501
GRAY__KS	341	1911	2288
GREELEY__KS	78	549	641
GREENWOOD__KS	569	2444	3077
HAMILTON__KS	141	698	859
HARPER__KS	461	2168	2678
HARVEY__KS	6747	10182	17309
HASKELL__KS	268	1122	1410
HODGEMAN__KS	154	875	1045
JACKSON__KS	1881	4517	6584
JEFFERSON__KS	3194	6334	9782
JEWELL__KS	212	1387	1628
JOHNSON__KS	184259	155631	347214
KEARNY__KS	267	1164	1455
KINGMAN__KS	752	3130	3949
KIOWA__KS	156	980	1165
LABETTE__KS	2655	5735	8563
LANE__KS	115	762	895
LEAVENWORTH__KS	13886	21610	36490
LINCOLN__KS	266	1283	1579
LINN__KS	896	4048	5046
LOGAN__KS	186	1249	1458
LYON__KS	6055	7550	13988
MCPHERSON__KS	4134	9964	14438
MARION__KS	1516	4465	6111
MARSHALL__KS	1259	3729	5114
MEADE__KS	263	1523	1825
MIAMI__KS	5247	12308	17937
MITCHELL__KS	558	2504	3101
MONTGOMERY__KS	3228	9931	13426
MORRIS__KS	729	2124	2899
MORTON__KS	150	1034	1198
NEMAHA__KS	927	4664	5684
NEOSHO__KS	1796	4970	6877
NESS__KS	149	1339	1513
NORTON__KS	364	2007	2415
OSAGE__KS	2136	5705	8035
OSBORNE__KS	281	1629	1945
OTTAWA__KS	506	2610	3191
PAWNEE__KS	643	2045	2739
PHILLIPS__KS	318	2418	2781
POTTAWATOMIE__KS	3313	9452	13083
PRATT__KS	933	3108	4137
RAWLINS__KS	214	1261	1504
RENO__KS	8886	18443	27941
REPUBLIC__KS	424	2182	2657
RICE__KS	965	3262	4319
RILEY__KS	12765	11610	25171
ROOKS__KS	339	2325	2699
RUSH__KS	295	1350	1677
RUSSELL__KS	600	2790	3467
SALINE__KS	8214	15722	24531
SCOTT__KS	299	2014	2354
SEDGWICK__KS	95870	122416	223688
SEWARD__KS	1833	3372	5294
SHAWNEE__KS	43015	40443	85657
SHERIDAN__KS	147	1282	1445
SHERMAN__KS	396	2269	2727
SMITH__KS	336	1763	2129
STAFFORD__KS	357	1645	2034
STANTON__KS	148	614	776
STEVENS__KS	237	1760	2031
SUMNER__KS	2591	8105	10928
THOMAS__KS	625	3130	3810
TREGO__KS	242	1363	1630
WABAUNSEE__KS	964	2845	3902
WALLACE__KS	44	770	825
WASHINGTON__KS	475	2363	2883
WICHITA__KS	149	808	968
WILSON__KS	723	3153	3954
WOODSON__KS	294	1228	1546
WYANDOTTE__KS	36788	18934	56785
ADAIR__KY	1392	7276	8763
ALLEN__KY	1642	7586	9363
ANDERSON__KY	3347	9657	13240
BALLARD__KY	825	3356	4225
BARREN__KY	5127	14654	20055
BATH__KY	1573	3986	5627
BELL__KY	1789	8140	10044
BOONE__KY	20897	44811	66953
BOURBON__KY	3296	6190	9643
BOYD__KY	7083	14295	21741
BOYLE__KY	5298	8872	14467
BRACKEN__KY	800	3398	4244
BREATHITT__KY	1301	4265	5661
BRECKINRIDGE__KY	2350	7701	10197
BULLITT__KY	10551	30708	41964
BUTLER__KY	1079	4960	6122
CALDWELL__KY	1433	4906	6428
CALLOWAY__KY	5794	11351	17443
CAMPBELL__KY	19373	28482	48833
CARLISLE__KY	463	2159	2638
CARROLL__KY	1116	2954	4135
CARTER__KY	2642	8775	11585
CASEY__KY	918	6179	7171
CHRISTIAN__KY	8296	15080	23863
CLARK__KY	6004	11811	18128
CLAY__KY	831	6677	7590
CLINTON__KY	603	4280	4932
CRITTENDEN__KY	731	3451	4242
CUMBERLAND__KY	508	2769	3309
DAVIESS__KY	17283	31023	49240
EDMONSON__KY	1227	4828	6131
ELLIOTT__KY	712	2246	2995
ESTILL__KY	1355	5100	6538
FAYETTE__KY	90566	58845	152664
FLEMING__KY	1474	5534	7066
FLOYD__KY	3884	12250	16351
FRANKLIN__KY	12650	12900	26059
FULTON__KY	791	1605	2421
GALLATIN__KY	822	2955	3849
GARRARD__KY	1830	6754	8703
GRANT__KY	2205	8725	11106
GRAVES__KY	3559	13206	17018
GRAYSON__KY	2400	9453	11983
GREEN__KY	920	4838	5812
GREENUP__KY	4873	13064	18176
HANCOCK__KY	1351	3145	4587
HARDIN__KY	18101	29832	48941
HARLAN__KY	1494	9367	10971
HARRISON__KY	2400	6334	8853
HART__KY	1908	6345	8369
HENDERSON__KY	7639	12730	20688
HENRY__KY	2142	5843	8107
HICKMAN__KY	458	1714	2199
HOPKINS__KY	5439	15757	21509
JACKSON__KY	605	5453	6113
JEFFERSON__KY	228288	150619	386093
JESSAMINE__KY	8567	17096	26251
JOHNSON__KY	1608	8450	10192
KENTON__KY	32265	48123	82108
KNOTT__KY	1412	4779	6251
KNOX__KY	2114	11012	13273
LARUE__KY	1504	5685	7301
LAUREL__KY	4474	23234	28097
LAWRENCE__KY	1238	5633	6955
LEE__KY	459	2159	2659
LESLIE__KY	446	4321	4811
LETCHER__KY	1799	7226	9135
LEWIS__KY	823	4986	5883
LINCOLN__KY	2254	8489	10913
LIVINGSTON__KY	939	4010	5003
LOGAN__KY	3094	9067	12346
LYON__KY	1092	3100	4228
MCCRACKEN__KY	11190	21820	33521
MCCREARY__KY	725	5664	6435
MCLEAN__KY	1074	3633	4782
MADISON__KY	15580	27353	43903
MAGOFFIN__KY	1213	4174	5446
MARION__KY	2722	6113	8928
MARSHALL__KY	4071	13297	17601
MARTIN__KY	403	3496	3930
MASON__KY	2362	5477	7958
MEADE__KY	3632	10184	14110
MENIFEE__KY	750	2311	3102
MERCER__KY	3033	8506	11735
METCALFE__KY	975	3959	5012
MONROE__KY	657	4628	5330
MONTGOMERY__KY	3630	8993	12837
MORGAN__KY	1172	4297	5535
MUHLENBERG__KY	3544	10496	14229
NELSON__KY	7188	15703	23245
NICHOLAS__KY	955	2408	3396
OHIO__KY	2404	8582	11127
OLDHAM__KY	14504	22651	37936
OWEN__KY	1098	4292	5456
OWSLEY__KY	216	1670	1895
PENDLETON__KY	1322	5515	6925
PERRY__KY	2350	8118	10606
PIKE__KY	4862	20279	25368
POWELL__KY	1367	4041	5505
PULASKI__KY	5664	25441	31537
ROBERTSON__KY	253	884	1146
ROCKCASTLE__KY	1134	6577	7783
ROWAN__KY	3880	5994	10058
RUSSELL__KY	1329	7506	8939
SCOTT__KY	10564	17764	28950
SHELBY__KY	8076	15054	23542
SIMPSON__KY	2681	5888	8732
SPENCER__KY	2530	8737	11429
TAYLOR__KY	2961	9376	12510
TODD__KY	1202	4060	5351
TRIGG__KY	1791	5487	7375
TRIMBLE__KY	1012	3227	4319
UNION__KY	1529	4965	6576
WARREN__KY	22477	31790	55351
WASHINGTON__KY	1644	4482	6223
WAYNE__KY	1700	7430	9240
WEBSTER__KY	1412	4506	5991
WHITLEY__KY	2552	12567	15347
WOLFE__KY	839	2097	2979
WOODFORD__KY	6530	8362	15211
ACADIA__LA	5443	22596	28425
ALLEN__LA	2108	7574	9810
ASCENSION__LA	20399	40687	62325
ASSUMPTION__LA	3833	7271	11235
AVOYELLES__LA	4979	12028	17292
BEAUREGARD__LA	2542	13575	16357
BIENVILLE__LA	3067	3891	7050
BOSSIER__LA	15662	38074	54655
CADDO__LA	55110	48021	104912
CALCASIEU__LA	25982	55066	82663
CALDWELL__LA	745	3976	4762
CAMERON__LA	324	3671	4039
CATAHOULA__LA	1269	3541	4858
CLAIBORNE__LA	2731	3770	6580
CONCORDIA__LA	3177	5550	8828
DE_SOTO__LA	5457	9112	14736
EAST_BATON_ROUGE__LA	115577	88420	208182
EAST_CARROLL__LA	1900	1080	3036
EAST_FELICIANA__LA	4280	6064	10509
EVANGELINE__LA	4158	11053	15412
FRANKLIN__LA	2658	6970	9720
GRANT__LA	1157	8117	9392
IBERIA__LA	11027	21251	32713
IBERVILLE__LA	8514	7893	16719
JACKSON__LA	2143	5394	7632
JEFFERSON__LA	84477	105949	193733
JEFFERSON_DAVIS__LA	3208	11423	14841
LAFAYETTE__LA	39685	72519	114521
LAFOURCHE__LA	8672	36024	45388
LASALLE__LA	638	6378	7077
LINCOLN__LA	7559	11311	19275
LIVINGSTON__LA	9249	54877	65230
MADISON__LA	2654	1930	4670
MOREHOUSE__LA	4946	6510	11574
NATCHITOCHES__LA	6896	9358	16554
ORLEANS__LA	147854	26664	177819
OUACHITA__LA	25913	42255	69166
PLAQUEMINES__LA	3414	7412	11014
POINTE_COUPEE__LA	4683	7503	12371
RAPIDES__LA	19475	38347	58865
RED_RIVER__LA	1644	2413	4132
RICHLAND__LA	3225	6607	9940
SABINE__LA	1731	8776	10596
ST__BERNARD__LA	6151	11179	17650
ST__CHARLES__LA	9800	18233	28517
ST__HELENA__LA	3346	2714	6158
ST__JAMES__LA	6510	5954	12590
ST__JOHN_THE_BAPTIST__LA	13582	7538	21432
ST__LANDRY__LA	17372	23171	41154
ST__MARTIN__LA	8439	18203	27038
ST__MARY__LA	8055	14811	23186
ST__TAMMANY__LA	37746	99666	140110
TANGIPAHOA__LA	18887	37806	57661
TENSAS__LA	1329	1197	2554
TERREBONNE__LA	11198	34339	46240
UNION__LA	2654	8407	11201
VERMILION__LA	5009	21930	27324
VERNON__LA	2898	14107	17268
WASHINGTON__LA	5970	13307	19513
WEBSTER__LA	6172	11830	18216
WEST_BATON_ROUGE__LA	6200	7684	14097
WEST_CARROLL__LA	710	4317	5052
WEST_FELICIANA__LA	2298	3863	6268
WINN__LA	1543	4619	6225
ANDROSCOGGIN__ME	27617	29268	59361
AROOSTOOK__ME	13956	21080	36210
CUMBERLAND__ME	128759	59584	195914
FRANKLIN__ME	8069	8754	17599
HANCOCK__ME	19369	14982	35676
KENNEBEC__ME	34902	34721	72615
KNOX__ME	15110	9982	26032
LINCOLN__ME	12684	10256	23857
OXFORD__ME	14755	17698	33810
PENOBSCOT__ME	37713	44825	86133
PISCATAQUIS__ME	3517	6143	9996
SAGADAHOC__ME	13528	9755	24280
SOMERSET__ME	10199	16644	27873
WALDO__ME	12345	11196	24566
WASHINGTON__ME	6761	10194	17570
YORK__ME	71189	54817	131042
ALCONA__MI	2142	4848	7064
ALGER__MI	2053	3014	5128
ALLEGAN__MI	24449	41392	67094
ALPENA__MI	6000	10686	16969
ANTRIM__MI	5960	9748	15949
ARENAC__MI	2774	5928	8831
BARAGA__MI	1478	2512	4038
BARRY__MI	11797	23471	35905
BAY__MI	26151	33125	60255
BENZIE__MI	5480	6601	12262
BERRIEN__MI	37438	43519	82391
BRANCH__MI	6159	14064	20536
CALHOUN__MI	28877	36221	66281
CASS__MI	9130	16699	26216
CHARLEVOIX__MI	6939	9841	17000
CHEBOYGAN__MI	5437	10186	15868
CHIPPEWA__MI	6648	10681	17642
CLARE__MI	5199	10861	16281
CLINTON__MI	21968	25098	47927
CRAWFORD__MI	2672	5087	7861
DELTA__MI	7606	13207	21151
DICKINSON__MI	4744	9617	14589
EATON__MI	31299	31798	64327
EMMET__MI	9662	12135	22177
GENESEE__MI	119390	98714	221360
GLADWIN__MI	4524	9893	14603
GOGEBIC__MI	3570	4600	8266
GRAND_TRAVERSE__MI	28683	30502	60236
GRATIOT__MI	6693	12102	19127
HILLSDALE__MI	5883	17037	23302
HOUGHTON__MI	7750	10378	18501
HURON__MI	5490	12731	18437
INGHAM__MI	94212	47639	144550
IONIA__MI	10901	20657	32209
IOSCO__MI	5373	9759	15363
IRON__MI	2493	4216	6789
ISABELLA__MI	14072	14815	29421
JACKSON__MI	31995	47372	80861
KALAMAZOO__MI	83686	56823	143414
KALKASKA__MI	3002	7436	10631
KENT__MI	187915	165741	361048
KEWEENAW__MI	672	862	1557
LAKE__MI	2288	3946	6323
LAPEER__MI	16367	35482	52650
LEELANAU__MI	8795	7916	16900
LENAWEE__MI	20918	31541	53375
LIVINGSTON__MI	48220	76982	127197
LUCE__MI	842	2109	3001
MACKINAC__MI	2632	4304	7015
MACOMB__MI	223952	263863	494256
MANISTEE__MI	6107	8321	14655
MARQUETTE__MI	20465	16286	37462
MASON__MI	6802	10207	17254
MECOSTA__MI	7375	13267	21049
MENOMINEE__MI	4316	8117	12607
MIDLAND__MI	20493	27675	49088
MISSAUKEE__MI	1967	6648	8755
MONROE__MI	32975	52710	87148
MONTCALM__MI	9703	21815	32100
MONTMORENCY__MI	1628	4171	5859
MUSKEGON__MI	45643	45133	92444
NEWAYGO__MI	7873	18857	27161
OAKLAND__MI	434148	325971	770351
OCEANA__MI	4944	8892	14062
OGEMAW__MI	3475	8253	11907
ONTONAGON__MI	1391	2358	3804
OSCEOLA__MI	3214	8928	12329
OSCODA__MI	1342	3466	4874
OTSEGO__MI	4743	9779	14757
OTTAWA__MI	64705	100913	168713
PRESQUE_ISLE__MI	2911	5342	8344
ROSCOMMON__MI	5166	9670	15018
SAGINAW__MI	51088	50785	103349
ST__CLAIR__MI	31363	59185	92064
ST__JOSEPH__MI	9262	18127	27936
SANILAC__MI	5966	16194	22446
SCHOOLCRAFT__MI	1589	3090	4745
SHIAWASSEE__MI	15347	23149	39224
TUSCOLA__MI	8712	20297	29445
VAN_BUREN__MI	16803	21591	39066
WASHTENAW__MI	157136	56241	216418
WAYNE__MI	597170	264553	872469
WEXFORD__MI	5838	12102	18265
AITKIN__MN	3607	6258	10025
ANOKA__MN	100893	104902	211132
BECKER__MN	6589	12438	19401
BELTRAMI__MN	11426	12188	24189
BENTON__MN	7280	14382	22260
BIG_STONE__MN	1053	1863	2974
BLUE_EARTH__MN	18330	16731	36051
BROWN__MN	4753	9552	14635
CARLTON__MN	10098	9791	20369
CARVER__MN	30774	34009	66361
CASS__MN	6342	11620	18289
CHIPPEWA__MN	2226	4250	6611
CHISAGO__MN	11806	21916	34570
CLAY__MN	16357	15043	32239
CLEARWATER__MN	1260	3372	4708
COOK__MN	2496	1203	3806
COTTONWOOD__MN	1834	4165	6107
CROW_WING__MN	13726	25676	40173
DAKOTA__MN	146155	109638	262259
DODGE__MN	4079	7783	12187
DOUGLAS__MN	7868	15799	24165
FARIBAULT__MN	2531	5191	7914
FILLMORE__MN	4551	7301	12141
FREEBORN__MN	6889	9578	16818
GOODHUE__MN	11806	16052	28636
GRANT__MN	1300	2269	3654
HENNEPIN__MN	532623	205973	755969
HOUSTON__MN	4853	6334	11440
HUBBARD__MN	4462	8202	12965
ISANTI__MN	7138	16491	24235
ITASCA__MN	10786	15239	26561
JACKSON__MN	1745	3948	5819
KANABEC__MN	2774	6278	9242
KANDIYOHI__MN	8440	14437	23367
KITTSON__MN	1006	1546	2639
KOOCHICHING__MN	2659	4131	6922
LAC_QUI_PARLE__MN	1446	2528	4040
LAKE__MN	3647	3393	7202
LAKE_OF_THE_WOODS__MN	671	1704	2408
LE_SUEUR__MN	5672	10775	16818
LINCOLN__MN	937	2121	3115
LYON__MN	4634	7979	12893
MCLEOD__MN	6413	13986	20933
MAHNOMEN__MN	1112	1142	2304
MARSHALL__MN	1295	3721	5113
MARTIN__MN	3305	7480	11009
MEEKER__MN	3867	9359	13529
MILLE_LACS__MN	4404	9952	14689
MORRISON__MN	4367	14821	19558
MOWER__MN	8899	10025	19345
MURRAY__MN	1449	3363	4896
NICOLLET__MN	9622	9018	19125
NOBLES__MN	2933	5600	8715
NORMAN__MN	1404	1953	3441
OLMSTED__MN	49491	39692	91385
OTTER_TAIL__MN	11958	23800	36399
PENNINGTON__MN	2568	4532	7277
PINE__MN	5419	10256	16001
PIPESTONE__MN	1306	3553	4940
POLK__MN	5439	9865	15594
POPE__MN	2477	4417	7022
RAMSEY__MN	211620	77376	295977
RED_LAKE__MN	691	1454	2196
REDWOOD__MN	2355	5771	8284
RENVILLE__MN	2496	5467	8128
RICE__MN	17402	17464	35686
ROCK__MN	1556	3583	5240
ROSEAU__MN	2188	6065	8421
ST__LOUIS__MN	67704	49017	119531
SCOTT__MN	40040	45872	87965
SHERBURNE__MN	18065	36222	55612
SIBLEY__MN	2417	5864	8452
STEARNS__MN	31879	50959	84835
STEELE__MN	7917	12656	21128
STEVENS__MN	1922	3044	5085
SWIFT__MN	1784	3316	5193
TODD__MN	3286	9753	13257
TRAVERSE__MN	661	1172	1864
WABASHA__MN	4696	8153	13123
WADENA__MN	2023	5520	7677
WASECA__MN	3496	6624	10389
WASHINGTON__MN	89165	73764	166786
WATONWAN__MN	1987	3103	5201
WILKIN__MN	1026	2328	3430
WINONA__MN	13333	13227	27173
WRIGHT__MN	28430	51973	82426
YELLOW_MEDICINE__MN	1688	3734	5528
ADAMS__MS	7917	5696	13759
ALCORN__MS	2782	12818	15793
AMITE__MS	2620	4503	7196
ATTALA__MS	3542	5178	8823
BENTON__MS	1679	2570	4289
BOLIVAR__MS	8904	4671	13744
CALHOUN__MS	1902	4625	6590
CARROLL__MS	1729	3924	5701
CHICKASAW__MS	3810	4175	8141
CHOCTAW__MS	1185	3001	4223
CLAIBORNE__MS	3772	603	4449
CLARKE__MS	2838	5417	8338
CLAY__MS	5844	4181	10189
COAHOMA__MS	6020	2375	8501
COPIAH__MS	6470	6250	12883
COVINGTON__MS	3416	5854	9360
DESOTO__MS	28265	46462	76124
FORREST__MS	13755	17290	31654
FRANKLIN__MS	1480	2923	4461
GEORGE__MS	1218	9713	11049
GREENE__MS	966	4794	5812
GRENADA__MS	4734	6081	10911
HANCOCK__MS	4504	16132	20957
HARRISON__MS	27728	46822	75768
HINDS__MS	73550	25141	99995
HOLMES__MS	6588	1369	8115
HUMPHREYS__MS	3016	1118	4189
ISSAQUENA__MS	355	308	676
ITAWAMBA__MS	1249	9438	10819
JACKSON__MS	17375	36295	54543
JASPER__MS	4341	4302	8736
JEFFERSON__MS	3327	531	3908
JEFFERSON_DAVIS__MS	3599	2534	6213
JONES__MS	8517	21226	30091
KEMPER__MS	2887	1787	4731
LAFAYETTE__MS	10070	12949	23423
LAMAR__MS	7340	20704	28485
LAUDERDALE__MS	12960	17967	31247
LAWRENCE__MS	2260	4285	6613
LEAKE__MS	3897	5228	9200
LEE__MS	12189	24207	36954
LEFLORE__MS	7648	3129	10893
LINCOLN__MS	5040	11596	16801
LOWNDES__MS	13087	13800	27241
MADISON__MS	24440	31091	56212
MARION__MS	3787	8273	12177
MARSHALL__MS	8057	7566	15817
MONROE__MS	5874	11177	17259
MONTGOMERY__MS	2121	2917	5075
NESHOBA__MS	3260	8320	11703
NEWTON__MS	3075	6997	10183
NOXUBEE__MS	4040	1240	5339
OKTIBBEHA__MS	10299	9004	19757
PANOLA__MS	7403	8060	15627
PEARL_RIVER__MS	4148	19595	24033
PERRY__MS	1362	4500	5916
PIKE__MS	8646	8479	17342
PONTOTOC__MS	2614	11550	14361
PRENTISS__MS	2153	8370	10644
QUITMAN__MS	2150	1026	3226
RANKIN__MS	18847	50895	70655
SCOTT__MS	4330	6285	10733
SHARKEY__MS	1465	688	2183
SIMPSON__MS	4037	7635	11815
SMITH__MS	1791	6458	8327
STONE__MS	1802	5964	7878
SUNFLOWER__MS	6781	2799	9681
TALLAHATCHIE__MS	3105	2488	5685
TATE__MS	4183	8707	13093
TIPPAH__MS	1937	8054	10102
TISHOMINGO__MS	1059	7933	9138
TUNICA__MS	2580	926	3562
UNION__MS	2160	10373	12683
WALTHALL__MS	2835	4220	7119
WARREN__MS	10442	10365	21053
WASHINGTON__MS	12503	5300	18008
WAYNE__MS	3624	6307	10056
WEBSTER__MS	1043	4291	5395
WILKINSON__MS	2749	1324	4127
WINSTON__MS	4040	5112	9236
YALOBUSHA__MS	2785	3671	6535
YAZOO__MS	5496	4832	10436
ADAIR__MO	3710	6413	10336
ANDREW__MO	2351	7255	9752
ATCHISON__MO	564	2199	2814
AUDRAIN__MO	2704	7732	10656
BARRY__MO	2948	12425	15598
BARTON__MO	844	5168	6077
BATES__MO	1672	6597	8416
BENTON__MO	2180	8109	10476
BOLLINGER__MO	750	5167	5983
BOONE__MO	50064	38646	91168
BUCHANAN__MO	13445	22450	36598
BUTLER__MO	3301	14602	18141
CALDWELL__MO	897	3725	4682
CALLAWAY__MO	5870	14815	21144
CAMDEN__MO	5652	18850	24812
CAPE_GIRARDEAU__MO	10760	28907	40328
CARROLL__MO	786	3706	4532
CARTER__MO	418	2451	2897
CASS__MO	19052	37197	57408
CEDAR__MO	1145	5788	7044
CHARITON__MO	916	3111	4077
CHRISTIAN__MO	11131	34920	46839
CLARK__MO	678	2672	3394
CLAY__MO	59400	64605	126569
CLINTON__MO	2896	7799	10888
COLE__MO	12694	26086	39529
COOPER__MO	2249	6272	8693
CRAWFORD__MO	2113	8725	10973
DADE__MO	656	3414	4119
DALLAS__MO	1380	6619	8104
DAVIESS__MO	746	3102	3911
DEKALB__MO	930	3828	4843
DENT__MO	1056	5987	7142
DOUGLAS__MO	1016	5898	7000
DUNKLIN__MO	2200	8135	10419
FRANKLIN__MO	14569	38058	53685
GASCONADE__MO	1601	6222	7923
GENTRY__MO	613	2581	3237
GREENE__MO	55068	83630	141800
GRUNDY__MO	799	3585	4437
HARRISON__MO	597	3198	3826
HENRY__MO	2619	8027	10788
HICKORY__MO	1056	3966	5080
HOLT__MO	338	1976	2343
HOWARD__MO	1413	3553	5092
HOWELL__MO	3218	15181	18650
IRON__MO	945	3596	4592
JACKSON__MO	92182	100142	196418
JASPER__MO	13549	37728	52352
JEFFERSON__MO	37523	77046	116688
JOHNSON__MO	6974	15489	23123
KNOX__MO	340	1486	1854
LACLEDE__MO	2780	13762	16793
LAFAYETTE__MO	4472	12273	17055
LAWRENCE__MO	3214	14426	17905
LEWIS__MO	984	3553	4609
LINCOLN__MO	6607	21848	29018
LINN__MO	1275	4363	5726
LIVINGSTON__MO	1410	5267	6758
MCDONALD__MO	1439	7465	9053
MACON__MO	1662	6076	7836
MADISON__MO	1019	4584	5676
MARIES__MO	814	3892	4771
MARION__MO	3202	9915	13348
MERCER__MO	222	1541	1779
MILLER__MO	2038	10176	12382
MISSISSIPPI__MO	1178	3537	4756
MONITEAU__MO	1308	5744	7157
MONROE__MO	936	3477	4483
MONTGOMERY__MO	1208	4465	5772
MORGAN__MO	1924	7442	9487
NEW_MADRID__MO	1748	5447	7250
NEWTON__MO	5818	22120	28405
NODAWAY__MO	2853	6865	9893
OREGON__MO	823	3847	4739
OSAGE__MO	1037	6425	7539
OZARK__MO	752	4064	4864
PEMISCOT__MO	1560	4120	5735
PERRY__MO	1664	7657	9447
PETTIS__MO	4783	13854	19097
PHELPS__MO	5637	13480	19568
PIKE__MO	1717	5863	7695
PLATTE__MO	27179	28917	57270
POLK__MO	2885	11850	15064
PULASKI__MO	3740	10329	14414
PUTNAM__MO	361	1984	2361
RALLS__MO	1205	4396	5662
RANDOLPH__MO	2485	8018	10744
RAY__MO	3109	8345	11649
REYNOLDS__MO	529	2733	3298
RIPLEY__MO	833	4839	5717
ST__CHARLES__MO	89530	128389	222017
ST__CLAIR__MO	988	3932	4974
SAINTE_GENEVIEVE__MO	2713	6630	9484
ST__FRANCOIS__MO	7044	20511	28001
ST__LOUIS_CO___MO	328151	199493	536446
SALINE__MO	2904	6451	9519
SCHUYLER__MO	373	1606	2003
SCOTLAND__MO	388	1560	1984
SCOTT__MO	3753	13769	17719
SHANNON__MO	706	3165	3906
SHELBY__MO	592	2700	3350
STODDARD__MO	1819	11484	13426
STONE__MO	3506	14800	18483
SULLIVAN__MO	478	1974	2471
TANEY__MO	5339	20508	26288
TEXAS__MO	1716	9478	11315
VERNON__MO	1903	7155	9185
WARREN__MO	4769	13222	18375
WASHINGTON__MO	1804	8047	9976
WAYNE__MO	845	4987	5878
WEBSTER__MO	3573	14880	18779
WORTH__MO	215	877	1107
WRIGHT__MO	1168	7453	8739
ST__LOUIS__MO	110089	21474	133867
KANSAS__MO	107660	26393	136645
CHURCHILL__NV	3048	9367	12881
CLARK__NV	521777	430809	972308
DOUGLAS__NV	11570	21623	34117
ELKO__NV	4555	16734	21957
ESMERALDA__NV	72	395	480
EUREKA__NV	104	887	1008
HUMBOLDT__NV	1689	5877	7771
LANDER__NV	496	2198	2765
LINCOLN__NV	330	2067	2446
LYON__NV	8472	20906	30229
MINERAL__NV	824	1420	2327
NYE__NV	7287	17527	25376
PERSHING__NV	547	1731	2320
STOREY__NV	900	1901	2868
WASHOE__NV	128052	116653	251956
WHITE_PINE__NV	856	3400	4363
CARSON_CITY__NV	12735	16113	29739
BELKNAP__NH	16894	20899	38391
CARROLL__NH	16649	16150	33221
CHESHIRE__NH	25522	17898	44220
COOS__NH	7640	8617	16515
GRAFTON__NH	33180	19905	53966
HILLSBOROUGH__NH	122344	104625	230941
MERRIMACK__NH	48533	39711	89805
ROCKINGHAM__NH	100064	95858	198798
STRAFFORD__NH	41721	30489	73596
SULLIVAN__NH	12390	11508	24380
ATLANTIC__NJ	73808	64438	140031
BERGEN__NJ	285967	204417	495849
BURLINGTON__NJ	154595	103345	261497
CAMDEN__NJ	175065	86207	264616
CAPE_MAY__NJ	23941	33158	57714
CUMBERLAND__NJ	32742	28952	62408
ESSEX__NJ	266820	75475	345311
GLOUCESTER__NJ	86702	83340	172654
HUDSON__NJ	181452	65698	249850
HUNTERDON__NJ	39457	43153	84242
MERCER__NJ	122532	51641	176604
MIDDLESEX__NJ	226250	143467	374362
MONMOUTH__NJ	181291	191808	378151
MORRIS__NJ	153881	141134	299322
OCEAN__NJ	119456	217740	341516
PASSAIC__NJ	129097	92009	223707
SALEM__NJ	14479	18827	33922
SOMERSET__NJ	111173	71996	185859
SUSSEX__NJ	34481	51698	87960
UNION__NJ	170245	80002	252991
WARREN__NJ	24901	34769	60787
BERNALILLO__NM	193757	116135	317590
CATRON__NM	595	1698	2326
CHAVES__NM	6381	15656	22443
CIBOLA__NM	4745	3975	8903
COLFAX__NM	2611	3271	6016
CURRY__NM	4307	10444	15101
DE_BACA__NM	231	656	901
DONA_ANA__NM	47957	32802	82641
EDDY__NM	5424	17454	23222
GRANT__NM	7590	6553	14435
GUADALUPE__NM	1234	917	2189
HARDING__NM	179	319	505
HIDALGO__NM	823	1120	1974
LEA__NM	4061	16531	20918
LINCOLN__NM	3194	6942	10306
LOS_ALAMOS__NM	7554	4278	12293
LUNA__NM	3563	4408	8103
MCKINLEY__NM	18029	7801	26486
MORA__NM	1745	903	2686
OTERO__NM	8485	14521	23571
QUAY__NM	1170	2634	3873
RIO_ARRIBA__NM	10990	5408	16628
ROOSEVELT__NM	1802	4634	6608
SANDOVAL__NM	40588	34174	76562
SAN_JUAN__NM	18083	32874	52294
SAN_MIGUEL__NM	7888	3421	11531
SANTA_FE__NM	62530	18329	82227
SIERRA__NM	2265	3542	5945
SOCORRO__NM	3722	3255	7160
TAOS__NM	13121	3715	17181
TORRANCE__NM	2344	4772	7281
UNION__NM	383	1388	1789
VALENCIA__NM	14263	17364	32277
ALBANY__NY	99474	51081	154727
ALLEGANY__NY	6048	14135	20895
BRONX__NY	355374	67740	432399
BROOME__NY	47010	43800	93494
CATTARAUGUS__NY	11879	22155	35018
CAYUGA__NY	16149	19512	36760
CHAUTAUQUA__NY	23087	34853	59770
CHEMUNG__NY	16636	21922	39711
CHENANGO__NY	8290	13482	22417
CLINTON__NY	18364	16514	35637
COLUMBIA__NY	20386	14464	35781
CORTLAND__NY	10369	10789	21892
DELAWARE__NY	9143	13387	23074
DUTCHESS__NY	81443	66872	151889
ERIE__NY	267174	197527	476787
ESSEX__NY	9947	8976	19470
FRANKLIN__NY	9253	9668	19420
FULTON__NY	7931	15378	24072
GENESEE__NY	9625	18876	29431
GREENE__NY	10346	14271	25320
HAMILTON__NY	1178	2225	3489
HERKIMER__NY	9937	18870	29560
JEFFERSON__NY	17307	25629	44129
KINGS__NY	703310	202772	920380
LEWIS__NY	3824	8894	13036
LIVINGSTON__NY	12477	18182	31656
MADISON__NY	14807	18408	34266
MONROE__NY	225746	145661	383499
MONTGOMERY__NY	7977	12745	21246
NASSAU__NY	396504	326716	738369
NEW_YORK__NY	603040	85185	701405
NIAGARA__NY	46029	56068	104866
ONEIDA__NY	41567	57180	101696
ONONDAGA__NY	138894	90619	235686
ONTARIO__NY	29025	29039	60085
ORANGE__NY	84684	84996	173305
ORLEANS__NY	5587	12126	18314
OSWEGO__NY	21143	32138	54852
OTSEGO__NY	12975	14382	28223
PUTNAM__NY	24953	29283	55318
QUEENS__NY	569038	212665	794498
RENSSELAER__NY	40969	36500	79962
RICHMOND__NY	90997	123320	217899
ROCKLAND__NY	75802	73186	151381
ST__LAWRENCE__NY	19361	24608	45267
SARATOGA__NY	68471	61305	133556
SCHENECTADY__NY	42465	30741	75381
SCHOHARIE__NY	5345	9903	15810
SCHUYLER__NY	3903	5621	9799
SENECA__NY	6914	8329	15718
STEUBEN__NY	15790	29474	46516
SUFFOLK__NY	368000	375821	757877
SULLIVAN__NY	15489	18665	35132
TIOGA__NY	9634	14791	25170
TOMPKINS__NY	33619	11096	46048
ULSTER__NY	57970	37590	98160
WARREN__NY	17642	17699	36394
WASHINGTON__NY	11565	15941	28256
WAYNE__NY	17456	26204	45031
WESTCHESTER__NY	312371	144713	462265
WYOMING__NY	5073	13898	19483
YATES__NY	4219	6208	10788
ALAMANCE__NC	38825	46056	86091
ALEXANDER__NC	4145	15888	20236
ALLEGHANY__NC	1486	4527	6076
ANSON__NC	5789	5321	11194
ASHE__NC	4164	11451	15814
AVERY__NC	2191	7172	9458
BEAUFORT__NC	9633	16437	26315
BERTIE__NC	5939	3817	9815
BLADEN__NC	7326	9676	17125
BRUNSWICK__NC	33310	55850	90175
BUNCOMBE__NC	96515	62412	161569
BURKE__NC	13118	31019	44602
CABARRUS__NC	52162	63237	117227
CALDWELL__NC	10245	32119	42829
CAMDEN__NC	1537	4312	5953
CARTERET__NC	12093	30028	42695
CASWELL__NC	4860	7089	12051
CATAWBA__NC	25689	56588	83425
CHATHAM__NC	26787	21186	48599
CHEROKEE__NC	3583	12628	16423
CHOWAN__NC	3247	4471	7784
CLAY__NC	1699	5112	6893
CLEVELAND__NC	16955	33798	51308
COLUMBUS__NC	9446	16832	26446
CRAVEN__NC	21148	31032	53065
CUMBERLAND__NC	84469	60032	147150
CURRITUCK__NC	4195	11657	16147
DARE__NC	9936	13938	24232
DAVIDSON__NC	22636	64658	88514
DAVIE__NC	6713	18228	25311
DUPLIN__NC	8767	13793	22715
DURHAM__NC	144688	32459	179914
EDGECOMBE__NC	16089	9206	25477
FORSYTH__NC	113033	85064	201270
FRANKLIN__NC	15879	20901	37351
GASTON__NC	40959	73033	115498
GATES__NC	2546	3367	5971
GRAHAM__NC	905	3710	4665
GRANVILLE__NC	14565	16647	31598
GREENE__NC	3832	4874	8753
GUILFORD__NC	173086	107294	284486
HALIFAX__NC	15545	10080	25759
HARNETT__NC	22093	35177	58293
HAYWOOD__NC	13144	22834	36542
HENDERSON__NC	27211	40032	68371
HERTFORD__NC	7097	3479	10634
HOKE__NC	11804	9453	21639
HYDE__NC	1046	1418	2492
IREDELL__NC	33888	67010	102371
JACKSON__NC	9591	11356	21428
JOHNSTON__NC	41257	68353	111357
JONES__NC	2197	3280	5525
LEE__NC	12143	16469	29008
LENOIR__NC	13605	14590	28409
LINCOLN__NC	13274	36341	50217
MCDOWELL__NC	5832	16883	23003
MACON__NC	6230	14211	20743
MADISON__NC	4901	7979	13076
MARTIN__NC	5911	6532	12540
MECKLENBURG__NC	378107	179211	567053
MITCHELL__NC	1867	7090	9041
MONTGOMERY__NC	4327	8411	12849
MOORE__NC	20779	36764	58339
NASH__NC	25947	25827	52271
NEW_HANOVER__NC	66138	63331	131830
NORTHAMPTON__NC	6069	3989	10110
ONSLOW__NC	24266	46078	72235
ORANGE__NC	63594	20176	84997
PAMLICO__NC	2713	4849	7631
PASQUOTANK__NC	9832	9770	19897
PENDER__NC	11723	21956	34169
PERQUIMANS__NC	2492	4903	7484
PERSON__NC	8465	13184	21894
PITT__NC	47252	38982	87573
POLK__NC	4518	7689	12358
RANDOLPH__NC	15618	56894	73316
RICHMOND__NC	8754	11830	20763
ROBESON__NC	19020	27806	47188
ROCKINGHAM__NC	15992	31301	47809
ROWAN__NC	23114	49297	73408
RUTHERFORD__NC	9135	24891	34429
SAMPSON__NC	10966	17411	28618
SCOTLAND__NC	7186	7473	14775
STANLY__NC	8129	25458	33939
STOKES__NC	5286	20142	25701
SURRY__NC	8721	27538	36638
SWAIN__NC	2780	4161	7068
TRANSYLVANIA__NC	8444	11636	20404
TYRRELL__NC	758	1044	1817
UNION__NC	48725	80382	131011
VANCE__NC	12431	8391	20999
WAKE__NC	393336	226197	631830
WARREN__NC	6400	3752	10293
WASHINGTON__NC	3396	2781	6205
WATAUGA__NC	17122	14451	32220
WAYNE__NC	24215	30709	55537
WILKES__NC	7511	27592	35466
WILSON__NC	20754	19581	40735
YADKIN__NC	3763	15933	19923
YANCEY__NC	3688	7516	11352
ADAMS__ND	258	981	1269
BARNES__ND	1820	3568	5565
BENSON__ND	822	1094	1961
BILLINGS__ND	72	541	635
BOTTINEAU__ND	821	2575	3471
BOWMAN__ND	228	1395	1657
BURKE__ND	137	994	1155
BURLEIGH__ND	14348	34744	50753
CASS__ND	40311	42619	86053
CAVALIER__ND	474	1499	2020
DICKEY__ND	608	1742	2424
DIVIDE__ND	265	904	1202
DUNN__ND	342	1951	2338
EDDY__ND	383	854	1261
EMMONS__ND	237	1738	2009
FOSTER__ND	373	1362	1778
GOLDEN_VALLEY__ND	137	871	1026
GRAND_FORKS__ND	12880	16987	30970
GRANT__ND	207	1145	1381
GRIGGS__ND	308	907	1250
HETTINGER__ND	196	1091	1312
KIDDER__ND	221	1215	1460
LAMOURE__ND	527	1645	2219
LOGAN__ND	128	930	1076
MCHENRY__ND	564	2364	3003
MCINTOSH__ND	261	1153	1455
MCKENZIE__ND	814	4482	5419
MCLEAN__ND	1230	4198	5536
MERCER__ND	704	3856	4675
MORTON__ND	3872	12243	16619
MOUNTRAIL__ND	1256	2824	4165
NELSON__ND	586	1141	1777
OLIVER__ND	129	918	1066
PEMBINA__ND	786	2460	3331
PIERCE__ND	497	1585	2128
RAMSEY__ND	1639	3577	5372
RANSOM__ND	945	1418	2454
RENVILLE__ND	220	1065	1319
RICHLAND__ND	2510	5072	7812
ROLETTE__ND	2482	1257	3804
SARGENT__ND	738	1266	2070
SHERIDAN__ND	104	688	812
SIOUX__ND	804	258	1186
SLOPE__ND	44	380	427
STARK__ND	2499	12110	15050
STEELE__ND	392	652	1088
STUTSMAN__ND	2676	6994	9959
TOWNER__ND	317	830	1174
TRAILL__ND	1493	2522	4136
WALSH__ND	1333	3324	4783
WARD__ND	7293	19974	28246
WELLS__ND	442	1893	2374
WILLIAMS__ND	2169	11739	14334
BAKER__OR	2346	7352	9932
BENTON__OR	35827	14878	52799
CLACKAMAS__OR	139043	110509	257679
CLATSOP__OR	12916	10218	23910
COLUMBIA__OR	13835	17150	32221
COOS__OR	14243	21829	37075
CROOK__OR	3801	11287	15448
CURRY__OR	6058	8484	14925
DESCHUTES__OR	65962	55646	125234
DOUGLAS__OR	19160	43298	64349
GILLIAM__OR	324	834	1178
GRANT__OR	929	3545	4596
HARNEY__OR	894	3475	4481
HOOD_RIVER__OR	8764	3955	13090
JACKSON__OR	59478	63869	127165
JEFFERSON__OR	4393	7189	11913
JOSEPHINE__OR	18451	31751	51641
KLAMATH__OR	10388	25308	36726
LAKE__OR	792	3470	4363
LANE__OR	134366	80336	222253
LINCOLN__OR	17385	12460	30726
LINN__OR	26512	43486	72640
MALHEUR__OR	3260	8187	11804
MARION__OR	80872	79002	165534
MORROW__OR	1371	3586	5118
MULTNOMAH__OR	367249	82995	463659
POLK__OR	22917	23732	48291
SHERMAN__OR	260	921	1208
TILLAMOOK__OR	8066	8354	16888
UMATILLA__OR	10707	21270	33038
UNION__OR	4254	10298	14944
WALLOWA__OR	1625	3404	5149
WASCO__OR	6604	7035	14130
WASHINGTON__OR	209940	99073	320326
WHEELER__OR	217	711	965
YAMHILL__OR	27174	29551	58923
ADAMS__PA	18207	37523	56540
ALLEGHENY__PA	429065	282324	719733
ARMSTRONG__PA	8457	27489	36370
BEAVER__PA	38122	54759	94122
BEDFORD__PA	4367	23025	27574
BERKS__PA	92895	109736	205540
BLAIR__PA	17636	45306	63595
BRADFORD__PA	8046	21600	30159
BUCKS__PA	204712	187367	396234
BUTLER__PA	37508	74359	113305
CAMBRIA__PA	21730	48085	70574
CAMERON__PA	634	1771	2434
CARBON__PA	11212	21984	33629
CENTRE__PA	40055	36372	77493
CHESTER__PA	182372	128565	314502
CLARION__PA	4678	14578	19493
CLEARFIELD__PA	9673	29203	39422
CLINTON__PA	5502	11902	17625
COLUMBIA__PA	10532	20098	31171
CRAWFORD__PA	12924	28559	42004
CUMBERLAND__PA	62245	77212	141595
DAUPHIN__PA	78983	66408	147368
DELAWARE__PA	206423	118532	327931
ELK__PA	4522	12140	16906
ERIE__PA	68286	66869	137083
FAYETTE__PA	20444	41227	62139
FOREST__PA	728	1882	2646
FRANKLIN__PA	22422	57245	80783
FULTON__PA	1085	6824	7977
GREENE__PA	4911	12579	17669
HUNTINGDON__PA	5445	17061	22792
INDIANA__PA	12634	28089	41198
JEFFERSON__PA	4527	17960	22824
JUNIATA__PA	2253	9649	12043
LACKAWANNA__PA	61991	52334	115410
LANCASTER__PA	115847	160209	280239
LAWRENCE__PA	15978	29597	46076
LEBANON__PA	23932	46731	71652
LEHIGH__PA	98288	84259	184713
LUZERNE__PA	64873	86929	153321
LYCOMING__PA	16971	41462	59254
MCKEAN__PA	5098	14083	19466
MERCER__PA	21067	36143	57954
MIFFLIN__PA	4603	16670	21502
MONROE__PA	44060	38726	83829
MONTGOMERY__PA	319511	185460	510157
MONTOUR__PA	3771	5844	9771
NORTHAMPTON__PA	85087	83854	170942
NORTHUMBERLAND__PA	12677	28952	42283
PERRY__PA	5950	18293	24652
PHILADELPHIA__PA	603790	132740	741377
PIKE__PA	13019	19213	32554
POTTER__PA	1726	7239	9064
SCHUYLKILL__PA	20727	48871	70603
SNYDER__PA	4910	13983	19140
SOMERSET__PA	8654	31466	40543
SULLIVAN__PA	921	2619	3595
SUSQUEHANNA__PA	6236	15207	21752
TIOGA__PA	4955	15742	21075
UNION__PA	7475	12356	20115
VENANGO__PA	7585	18569	26528
WARREN__PA	6066	14237	20650
WASHINGTON__PA	45088	72080	118478
WAYNE__PA	9191	18637	28089
WESTMORELAND__PA	72129	130218	204697
WYOMING__PA	4704	9936	14858
YORK__PA	88114	146733	238471
BRISTOL__RI	18050	9745	28415
KENT__RI	49113	42001	93093
NEWPORT__RI	29486	15722	46148
PROVIDENCE__RI	165012	102551	272667
WASHINGTON__RI	44549	29818	76060
FEDERAL_PRECINCT__RI	1276	85	1374
ABBEVILLE__SC	4101	8215	12433
AIKEN__SC	32275	51589	85185
ALLENDALE__SC	2718	835	3593
ANDERSON__SC	27169	67565	96093
BAMBERG__SC	4010	2417	6482
BARNWELL__SC	4720	5492	10321
BEAUFORT__SC	43419	53194	97835
BERKELEY__SC	45223	57397	104458
CALHOUN__SC	3905	4305	8291
CHARLESTON__SC	121485	93297	218857
CHEROKEE__SC	6983	18043	25270
CHESTER__SC	6941	8660	15757
CHESTERFIELD__SC	7431	11297	18876
CLARENDON__SC	8250	8361	16733
COLLETON__SC	8602	10440	19283
DARLINGTON__SC	15220	16832	32417
DILLON__SC	6436	6582	13101
DORCHESTER__SC	33824	41913	77278
EDGEFIELD__SC	4953	8184	13304
FAIRFIELD__SC	7382	4625	12136
FLORENCE__SC	31153	32615	64510
GEORGETOWN__SC	15822	20487	36668
GREENVILLE__SC	103030	150021	258155
GREENWOOD__SC	12145	19431	32006
HAMPTON__SC	5323	3906	9305
HORRY__SC	59180	118821	179744
JASPER__SC	7185	7078	14394
KERSHAW__SC	12699	20471	33629
LANCASTER__SC	18937	30312	49868
LAURENS__SC	10159	20004	30488
LEE__SC	5329	3008	8431
LEXINGTON__SC	49301	92817	144568
MCCORMICK__SC	2687	2958	5697
MARION__SC	8872	5711	14704
MARLBORO__SC	6290	5044	11446
NEWBERRY__SC	6958	11443	18631
OCONEE__SC	10414	29698	40668
ORANGEBURG__SC	27295	13603	41205
PICKENS__SC	13645	42907	57546
RICHLAND__SC	132570	58313	193822
SALUDA__SC	2963	6210	9274
SPARTANBURG__SC	52926	93560	148655
SUMTER__SC	27379	21000	48920
UNION__SC	4935	8183	13257
WILLIAMSBURG__SC	10289	5532	15985
YORK__SC	59008	82727	144050
ANDERSON__TX	3955	15110	19227
ANDREWS__TX	850	4943	5863
ANGELINA__TX	9143	25076	34574
ARANSAS__TX	2916	9239	12290
ARCHER__TX	446	4300	4796
ARMSTRONG__TX	75	1035	1112
ATASCOSA__TX	5876	12039	18118
AUSTIN__TX	2951	11447	14554
BAILEY__TX	409	1434	1860
BANDERA__TX	2505	10057	12715
BASTROP__TX	15474	20516	36665
BAYLOR__TX	183	1494	1702
BEE__TX	3288	6006	9420
BELL__TX	57014	67893	127375
BEXAR__TX	448452	308618	770818
BLANCO__TX	1911	5443	7441
BORDEN__TX	16	397	416
BOSQUE__TX	1561	7469	9126
BOWIE__TX	10747	27116	38261
BRAZORIA__TX	62228	90433	154984
BRAZOS__TX	35349	47530	85061
BREWSTER__TX	2258	2461	4822
BRISCOE__TX	78	639	725
BROOKS__TX	1470	998	2484
BROWN__TX	2107	13698	15969
BURLESON__TX	1788	6743	8609
BURNET__TX	5639	18767	24717
CALDWELL__TX	6672	8031	14973
CALHOUN__TX	2148	5641	7856
CALLAHAN__TX	734	6012	6832
CAMERON__TX	64063	49032	114174
CAMP__TX	1394	3626	5060
CARSON__TX	297	2779	3122
CASS__TX	2795	11033	13927
CASTRO__TX	466	1602	2083
CHAMBERS__TX	3997	17353	21652
CHEROKEE__TX	4210	15101	19508
CHILDRESS__TX	310	1943	2279
CLAY__TX	614	5069	5744
COCHRAN__TX	177	809	1000
COKE__TX	178	1586	1779
COLEMAN__TX	451	3641	4124
COLLIN__TX	230945	252318	490856
COLLINGSWORTH__TX	155	1048	1218
COLORADO__TX	2420	7472	9975
COMAL__TX	24826	62740	88892
COMANCHE__TX	853	5177	6086
CONCHO__TX	197	1058	1268
COOKE__TX	3210	15596	18996
CORYELL__TX	7565	15438	23493
COTTLE__TX	113	540	662
CRANE__TX	241	1247	1503
CROCKETT__TX	344	1220	1574
CROSBY__TX	527	1396	1953
CULBERSON__TX	438	415	864
DALLAM__TX	197	1389	1609
DALLAS__TX	598576	307076	919504
DAWSON__TX	808	2951	3789
DEAF_SMITH__TX	1264	3294	4610
DELTA__TX	403	2162	2592
DENTON__TX	188695	222480	417964
DEWITT__TX	1494	6567	8118
DICKENS__TX	130	853	988
DIMMIT__TX	2264	1384	3666
DONLEY__TX	198	1438	1648
DUVAL__TX	2575	2443	5053
EASTLAND__TX	983	7237	8293
ECTOR__TX	11367	32697	44591
EDWARDS__TX	168	893	1066
ELLIS__TX	27565	56717	85493
EL_PASO__TX	178126	84331	266729
ERATH__TX	2916	13684	16856
FALLS__TX	1899	4177	6133
FANNIN__TX	2655	12171	15007
FAYETTE__TX	2661	10171	12941
FISHER__TX	352	1448	1826
FLOYD__TX	438	1584	2039
FOARD__TX	99	445	551
FORT_BEND__TX	195552	157718	357514
FRANKLIN__TX	804	4161	5009
FREESTONE__TX	1635	6991	8711
FRIO__TX	2422	2823	5279
GAINES__TX	576	5355	5996
GALVESTON__TX	58842	93911	155060
GARZA__TX	231	1413	1653
GILLESPIE__TX	3176	12514	15850
GLASSCOCK__TX	39	611	653
GOLIAD__TX	877	3085	3995
GONZALES__TX	1948	5627	7648
GRAY__TX	829	6840	7782
GRAYSON__TX	14506	44163	59474
GREGG__TX	14796	32493	47982
GRIMES__TX	2833	9432	12414
GUADALUPE__TX	28805	47553	77619
HALE__TX	2279	7177	9586
HALL__TX	168	995	1169
HAMILTON__TX	641	3616	4351
HANSFORD__TX	166	1849	2047
HARDEMAN__TX	241	1330	1580
HARDIN__TX	3474	23858	27635
HARRIS__TX	918193	700630	1640818
HARRISON__TX	7908	21466	29717
HARTLEY__TX	195	1868	2078
HASKELL__TX	353	1840	2214
HAYS__TX	59524	47680	109395
HEMPHILL__TX	206	1486	1720
HENDERSON__TX	7060	28911	36317
HIDALGO__TX	128199	90527	220884
HILL__TX	2860	11926	14931
HOCKLEY__TX	1482	6536	8100
HOOD__TX	5648	26496	32541
HOPKINS__TX	3046	12719	15941
HOUSTON__TX	2314	7060	9438
HOWARD__TX	2069	8054	10241
HUDSPETH__TX	371	779	1165
HUNT__TX	8906	29163	38597
HUTCHINSON__TX	965	7681	8773
IRION__TX	120	759	889
JACK__TX	331	3418	3782
JACKSON__TX	1033	5231	6353
JASPER__TX	2954	12542	15611
JEFF_DAVIS__TX	501	784	1305
JEFFERSON__TX	46073	47570	94759
JIM_HOGG__TX	1197	833	2036
JIM_WELLS__TX	6119	7453	13669
JOHNSON__TX	16464	54628	72020
JONES__TX	999	5660	6741
KARNES__TX	1234	3968	5252
KAUFMAN__TX	18405	37624	56718
KENDALL__TX	6020	20083	26452
KENEDY__TX	65	127	194
KENT__TX	47	411	462
KERR__TX	6524	20879	27745
KIMBLE__TX	284	1987	2292
KING__TX	8	151	159
KINNEY__TX	446	1144	1603
KLEBERG__TX	5314	5504	10944
KNOX__TX	265	1180	1456
LAMAR__TX	4458	16760	21442
LAMB__TX	840	3521	4410
LAMPASAS__TX	2144	8086	10399
LA_SALLE__TX	1052	1335	2406
LAVACA__TX	1333	8804	10197
LEE__TX	1750	6255	8087
LEON__TX	1072	7523	8674
LIBERTY__TX	5785	23302	29334
LIMESTONE__TX	2213	6789	9095
LIPSCOMB__TX	131	1205	1353
LIVE_OAK__TX	819	4199	5054
LLANO__TX	2465	10079	12660
LOVING__TX	4	60	66
LUBBOCK__TX	40017	78861	120817
LYNN__TX	428	1853	2293
MCCULLOCH__TX	490	2904	3436
MCLENNAN__TX	36688	59543	97872
MCMULLEN__TX	53	460	516
MADISON__TX	1088	4169	5298
MARION__TX	1339	3470	4864
MARTIN__TX	288	1857	2160
MASON__TX	457	1991	2474
MATAGORDA__TX	3733	9845	13727
MAVERICK__TX	8332	6881	15346
MEDINA__TX	6773	15642	22657
MENARD__TX	197	823	1028
MIDLAND__TX	12329	45624	58859
MILAM__TX	2496	7984	10578
MILLS__TX	271	2217	2505
MITCHELL__TX	397	2170	2579
MONTAGUE__TX	1097	8615	9819
MONTGOMERY__TX	74377	193382	271543
MOORE__TX	1062	4359	5508
MORRIS__TX	1669	3872	5587
MOTLEY__TX	46	604	652
NACOGDOCHES__TX	9000	17378	26785
NAVARRO__TX	5101	13800	19123
NEWTON__TX	1173	4882	6094
NOLAN__TX	1162	4131	5357
NUECES__TX	60925	64617	127322
OCHILTREE__TX	302	2812	3156
OLDHAM__TX	81	917	1009
ORANGE__TX	6357	29186	35994
PALO_PINTO__TX	2178	10179	12489
PANOLA__TX	2057	9326	11451
PARKER__TX	13017	62045	76128
PARMER__TX	488	2135	2650
PECOS__TX	1382	3215	4668
POLK__TX	5387	18573	24186
POTTER__TX	9921	22820	33337
PRESIDIO__TX	1463	721	2217
RAINS__TX	842	5155	6053
RANDALL__TX	12802	50796	64674
REAGAN__TX	172	942	1124
REAL__TX	320	1643	1982
RED_RIVER__TX	1246	4517	5806
REEVES__TX	1395	2254	3689
REFUGIO__TX	1108	2210	3366
ROBERTS__TX	17	529	550
ROBERTSON__TX	2374	5646	8099
ROCKWALL__TX	16412	36726	53891
RUNNELS__TX	552	3807	4409
RUSK__TX	4629	16534	21377
SABINE__TX	669	4784	5491
SAN_AUGUSTINE__TX	980	3007	4002
SAN_JACINTO__TX	2337	10161	12640
SAN_PATRICIO__TX	8988	16516	25891
SAN_SABA__TX	287	2308	2602
SCHLEICHER__TX	211	940	1159
SCURRY__TX	818	4983	5870
SHACKELFORD__TX	130	1484	1628
SHELBY__TX	2068	7975	10087
SHERMAN__TX	91	886	992
SMITH__TX	29615	69080	100089
SOMERVELL__TX	768	4105	4947
STARR__TX	9123	8247	17525
STEPHENS__TX	397	3385	3800
STERLING__TX	51	584	639
STONEWALL__TX	116	615	736
SUTTON__TX	322	1222	1557
SWISHER__TX	478	1845	2355
TARRANT__TX	411567	409741	834697
TAYLOR__TX	14588	39547	55135
TERRELL__TX	119	334	458
TERRY__TX	757	2812	3612
THROCKMORTON__TX	82	806	894
TITUS__TX	2856	7570	10541
TOM_GREEN__TX	12239	32313	45210
TRAVIS__TX	435860	161337	608575
TRINITY__TX	1323	5579	6938
TYLER__TX	1403	8194	9660
UPSHUR__TX	2877	15809	18892
UPTON__TX	170	1178	1368
UVALDE__TX	4073	6174	10344
VAL_VERDE__TX	6771	8284	15280
VAN_ZANDT__TX	3516	22270	26029
VICTORIA__TX	10380	23358	34188
WALKER__TX	7884	15375	23612
WALLER__TX	8191	14260	22734
WARD__TX	764	3241	4060
WASHINGTON__TX	4261	12959	17427
WEBB__TX	41820	25898	68397
WHARTON__TX	4694	11926	16761
WHEELER__TX	168	2159	2337
WICHITA__TX	13161	32069	46040
WILBARGER__TX	956	3524	4524
WILLACY__TX	3108	2441	5549
WILLIAMSON__TX	143795	139729	289555
WILSON__TX	6350	18463	25013
WINKLER__TX	358	1753	2126
WISE__TX	4973	27032	32365
WOOD__TX	3509	19049	22779
YOAKUM__TX	420	2174	2631
YOUNG__TX	1034	7110	8239
ZAPATA__TX	1826	2033	3874
ZAVALA__TX	2864	1490	4379
ADDISON__VT	15089	6567	22611
BENNINGTON__VT	11858	6724	19357
CALEDONIA__VT	8529	5924	15158
CHITTENDEN__VT	72938	20104	96755
ESSEX__VT	1890	2164	4237
FRANKLIN__VT	13612	11274	26072
GRAND_ISLE__VT	3346	2194	5782
LAMOILLE__VT	10773	4171	15679
ORANGE__VT	8351	5782	14876
ORLEANS__VT	7757	7086	15442
RUTLAND__VT	18746	14625	34772
WASHINGTON__VT	25101	8707	35325
WINDHAM__VT	20057	7251	28452
WINDSOR__VT	24779	10135	36308
BARBOUR__WV	1457	5116	6677
BERKELEY__WV	17186	33279	51535
BOONE__WV	2041	6816	9012
BRAXTON__WV	1457	4120	5664
BROOKE__WV	2947	7545	10656
CABELL__WV	14994	21721	37360
CALHOUN__WV	568	2364	2971
CLAY__WV	641	2679	3365
DODDRIDGE__WV	435	2619	3101
FAYETTE__WV	5063	11580	16862
GILMER__WV	599	2012	2662
GRANT__WV	607	4871	5509
GREENBRIER__WV	4655	10925	15850
HAMPSHIRE__WV	1939	8033	10086
HANCOCK__WV	3790	9806	13800
HARDY__WV	1381	4859	6331
HARRISON__WV	9215	20683	30465
JACKSON__WV	3207	10093	13508
JEFFERSON__WV	12127	15033	27703
KANAWHA__WV	34344	46398	82244
LEWIS__WV	1538	5782	7457
LINCOLN__WV	1711	6012	7830
LOGAN__WV	2333	10534	13026
MCDOWELL__WV	1333	5148	6527
MARION__WV	8901	16300	25794
MARSHALL__WV	3455	10435	14080
MASON__WV	2526	8491	11203
MERCER__WV	5556	19237	25134
MINERAL__WV	2660	10040	12872
MINGO__WV	1397	8544	10022
MONONGALIA__WV	20282	20803	42072
MONROE__WV	1345	5068	6490
MORGAN__WV	1998	6537	8695
NICHOLAS__WV	2226	8279	10630
OHIO__WV	7223	12354	19898
PENDLETON__WV	820	2782	3659
PLEASANTS__WV	699	2742	3491
POCAHONTAS__WV	1047	2895	4008
PRESTON__WV	3163	11190	14572
PUTNAM__WV	7878	20034	28501
RALEIGH__WV	7982	24673	33106
RANDOLPH__WV	3362	8673	12200
RITCHIE__WV	586	3649	4283
ROANE__WV	1455	4213	5763
SUMMERS__WV	1448	4074	5585
TAYLOR__WV	1796	5477	7383
TUCKER__WV	938	2841	3844
TYLER__WV	631	3226	3922
UPSHUR__WV	2256	7771	10221
WAYNE__WV	4088	12585	16947
WEBSTER__WV	610	2759	3402
WETZEL__WV	1539	4993	6667
WIRT__WV	466	2134	2653
WOOD__WV	10926	27202	38762
WYOMING__WV	1157	7353	8592
ALLEGANY__MD	9158	20886	30641
ANNE_ARUNDEL__MD	172823	127821	309617
BALTIMORE_COUNTY__MD	258409	146202	414932
CALVERT__MD	22587	25346	49113
CAROLINE__MD	5095	10283	15794
CARROLL__MD	36456	60218	100327
CECIL__MD	16809	29439	47462
CHARLES__MD	62171	25579	89498
DORCHESTER__MD	6857	8764	15977
FREDERICK__MD	77675	63682	145615
GARRETT__MD	3281	12002	15611
HARFORD__MD	63095	80930	148186
HOWARD__MD	129433	48390	183062
KENT__MD	5329	5195	10794
MONTGOMERY__MD	419569	101222	533743
PRINCE_GEORGE_S__MD	379208	37090	424855
QUEEN_ANNE_S__MD	10709	18741	30290
ST_MARY_S__MD	23138	30826	55665
SOMERSET__MD	4241	5739	10147
TALBOT__MD	11062	10946	22555
WASHINGTON__MD	26044	40224	67779
WICOMICO__MD	22054	22944	46216
WORCESTER__MD	12560	18571	31691
BALTIMORE_CITY__MD	207260	25374	237461
BARNSTABLE__MA	91994	55311	151512
BERKSHIRE__MA	51705	18064	71771
BRISTOL__MA	153377	119872	281364
DUKES__MA	9914	2631	12873
ESSEX__MA	267198	144837	424599
FRANKLIN__MA	30030	11201	43003
HAMPDEN__MA	125948	87318	220793
HAMPSHIRE__MA	63362	22281	88332
MIDDLESEX__MA	617196	226956	869347
NANTUCKET__MA	5241	1914	7338
NORFOLK__MA	273312	125294	411042
PLYMOUTH__MA	173630	121227	303870
SUFFOLK__MA	270522	58613	337240
WORCESTER__MA	248773	171683	434921
BEAVERHEAD__MT	1608	3923	5661
BIG_HORN__MT	2491	2207	4784
BLAINE__MT	1589	1469	3117
BROADWATER__MT	835	3173	4097
CARBON__MT	2421	4468	7052
CARTER__MT	74	775	864
CASCADE__MT	15456	23315	39885
CHOUTEAU__MT	991	1891	2965
CUSTER__MT	1514	4205	5860
DANIELS__MT	195	799	1014
DAWSON__MT	962	3758	4825
DEER_LODGE__MT	2562	2186	4891
FALLON__MT	172	1375	1575
FERGUS__MT	1496	4869	6507
FLATHEAD__MT	20274	38321	59936
GALLATIN__MT	37044	31696	70979
GARFIELD__MT	41	764	813
GLACIER__MT	3610	1884	5617
GOLDEN_VALLEY__MT	78	414	503
GRANITE__MT	638	1419	2102
HILL__MT	2981	3957	7182
JEFFERSON__MT	2625	5345	8151
JUDITH_BASIN__MT	275	1040	1344
LAKE__MT	6916	9322	16626
LEWIS_AND_CLARK__MT	19743	21409	42265
LIBERTY__MT	249	821	1083
LINCOLN__MT	2835	8672	11747
MCCONE__MT	155	956	1128
MADISON__MT	1771	4191	6087
MEAGHER__MT	258	833	1110
MINERAL__MT	686	1828	2563
MISSOULA__MT	43357	26347	71495
MUSSELSHELL__MT	413	2423	2881
PARK__MT	5280	6025	11566
PETROLEUM__MT	39	298	348
PHILLIPS__MT	416	1936	2382
PONDERA__MT	903	2031	2995
POWDER_RIVER__MT	154	970	1136
POWELL__MT	752	2355	3179
PRAIRIE__MT	126	603	744
RAVALLI__MT	8763	19114	28507
RICHLAND__MT	875	4800	5798
ROOSEVELT__MT	1910	1996	4017
ROSEBUD__MT	1199	2486	3773
SANDERS__MT	1820	5660	7622
SHERIDAN__MT	574	1403	2030
SILVER_BOW__MT	10392	7745	18658
STILLWATER__MT	1156	4462	5724
SWEET_GRASS__MT	549	1840	2446
TETON__MT	1007	2608	3679
TOOLE__MT	467	1596	2119
TREASURE__MT	78	373	460
VALLEY__MT	1030	3135	4261
WHEATLAND__MT	225	823	1068
WIBAUX__MT	77	516	598
YELLOWSTONE__MT	30679	50772	83821
ADAMS__NE	4213	10085	14602
ANTELOPE__NE	452	3093	3583
ARTHUR__NE	21	260	284
BANNER__NE	43	362	410
BLAINE__NE	35	280	317
BOONE__NE	499	2653	3217
BOX_BUTTE__NE	1051	4002	5181
BOYD__NE	135	1010	1153
BROWN__NE	191	1470	1679
BUFFALO__NE	6350	16640	23589
BURT__NE	1063	2580	3731
BUTLER__NE	873	3542	4498
CASS__NE	4737	10121	15284
CEDAR__NE	725	4174	4996
CHASE__NE	226	1740	1993
CHERRY__NE	373	2844	3265
CHEYENNE__NE	855	3813	4765
CLAY__NE	632	2848	3558
COLFAX__NE	1025	2636	3717
CUMING__NE	870	3507	4451
CUSTER__NE	786	5090	5993
DAKOTA__NE	2744	3926	6794
DAWES__NE	1082	2931	4121
DAWSON__NE	2497	6524	9178
DEUEL__NE	141	871	1032
DIXON__NE	651	2335	3083
DODGE__NE	5544	10984	16876
DOUGLAS__NE	150350	119159	274951
DUNDY__NE	105	883	999
FILLMORE__NE	693	2359	3134
FRANKLIN__NE	276	1437	1724
FRONTIER__NE	189	1229	1440
FURNAS__NE	399	2163	2601
GAGE__NE	3385	7445	11068
GARDEN__NE	161	1016	1195
GARFIELD__NE	133	933	1075
GOSPER__NE	215	893	1118
GRANT__NE	20	375	402
GREELEY__NE	229	1016	1258
HALL__NE	7681	16189	24374
HAMILTON__NE	1118	4309	5533
HARLAN__NE	282	1615	1928
HAYES__NE	34	494	534
HITCHCOCK__NE	175	1264	1469
HOLT__NE	686	4769	5537
HOOKER__NE	59	376	442
HOWARD__NE	648	2786	3501
JEFFERSON__NE	1016	2616	3716
JOHNSON__NE	647	1518	2229
KEARNEY__NE	701	2822	3604
KEITH__NE	763	3544	4364
KEYA_PAHA__NE	49	476	529
KIMBALL__NE	268	1563	1874
KNOX__NE	905	3721	4697
LANCASTER__NE	82293	70092	156091
LINCOLN__NE	3692	13071	17107
LOGAN__NE	38	407	450
LOUP__NE	75	370	454
MCPHERSON__NE	17	275	302
MADISON__NE	3478	11940	15765
MERRICK__NE	743	3419	4257
MORRILL__NE	386	2113	2557
NANCE__NE	359	1437	1828
NEMAHA__NE	921	2428	3423
NUCKOLLS__NE	409	1857	2303
OTOE__NE	2490	5649	8315
PAWNEE__NE	322	1071	1429
PERKINS__NE	199	1321	1544
PHELPS__NE	752	4157	5009
PIERCE__NE	480	3462	4006
PLATTE__NE	3260	12186	15673
POLK__NE	530	2291	2879
RED_WILLOW__NE	811	4525	5452
RICHARDSON__NE	996	3073	4126
ROCK__NE	84	744	841
SALINE__NE	1986	3631	5770
SARPY__NE	41206	51979	95673
SAUNDERS__NE	3331	9108	12735
SCOTTS_BLUFF__NE	4196	10952	15469
SEWARD__NE	2438	6490	9142
SHERIDAN__NE	340	2292	2672
SHERMAN__NE	343	1322	1698
SIOUX__NE	72	642	729
STANTON__NE	532	2561	3161
THAYER__NE	624	2308	2980
THOMAS__NE	45	377	427
THURSTON__NE	1122	1180	2325
VALLEY__NE	412	1901	2340
WASHINGTON__NE	3554	8583	12413
WAYNE__NE	1022	3055	4200
WEBSTER__NE	335	1511	1876
WHEELER__NE	59	438	502
YORK__NE	1630	5337	7143
ADAMS__OH	2156	9870	12145
ALLEN__OH	14149	33116	48006
ASHLAND__OH	6541	19407	26405
ASHTABULA__OH	16497	26890	44147
ATHENS__OH	14772	10862	26059
AUGLAIZE__OH	4651	20798	25777
BELMONT__OH	9138	23560	33088
BROWN__OH	4380	16480	21096
BUTLER__OH	69613	114392	186737
CARROLL__OH	3251	10745	14212
CHAMPAIGN__OH	5062	14589	19972
CLARK__OH	24076	39032	64212
CLERMONT__OH	34092	74570	110480
CLINTON__OH	4697	15488	20527
COLUMBIANA__OH	13359	35726	49860
COSHOCTON__OH	4125	12325	16739
CRAWFORD__OH	4916	15436	20686
CUYAHOGA__OH	416176	202699	625670
DARKE__OH	4731	22004	27134
DEFIANCE__OH	5981	13038	19381
DELAWARE__OH	57735	66356	126070
ERIE__OH	17493	22160	40335
FAIRFIELD__OH	31224	50797	83311
FAYETTE__OH	2975	9473	12612
FRANKLIN__OH	409144	211237	630577
FULTON__OH	6664	15731	22770
GALLIA__OH	2990	10645	13799
GEAUGA__OH	21201	34143	56021
GREENE__OH	34798	52072	88643
GUERNSEY__OH	4577	13407	18230
HAMILTON__OH	246266	177886	430929
HANCOCK__OH	11757	26310	38771
HARDIN__OH	3062	9949	13247
HARRISON__OH	1768	5792	7655
HENRY__OH	4062	10479	14764
HIGHLAND__OH	3799	15678	19676
HOCKING__OH	3880	9737	13824
HOLMES__OH	1994	10796	12947
HURON__OH	7759	18956	27190
JACKSON__OH	3311	11309	14794
JEFFERSON__OH	10018	22828	33362
KNOX__OH	8589	22340	31398
LAKE__OH	55514	73278	130509
LAWRENCE__OH	7489	20306	28127
LICKING__OH	33055	59514	94210
LOGAN__OH	5055	17964	23368
LORAIN__OH	75667	79520	157437
LUCAS__OH	115411	81763	200623
MADISON__OH	5698	13835	19855
MAHONING__OH	57641	59903	118966
MARION__OH	8269	19023	27818
MEDINA__OH	39800	64598	105825
MEIGS__OH	2492	8316	10951
MERCER__OH	4030	19452	23761
MIAMI__OH	15663	41371	57972
MONROE__OH	1605	5463	7148
MONTGOMERY__OH	135064	129034	268505
MORGAN__OH	1725	5041	6847
MORROW__OH	4048	14077	18457
MUSKINGUM__OH	11971	27867	40465
NOBLE__OH	1170	5135	6343
OTTAWA__OH	9008	14628	24007
PAULDING__OH	2213	7086	9467
PERRY__OH	4098	12357	16675
PICKAWAY__OH	7304	20593	28271
PIKE__OH	3110	9157	12412
PORTAGE__OH	35661	45990	82872
PREBLE__OH	4493	17022	21809
PUTNAM__OH	3195	16412	19921
RICHLAND__OH	17640	41472	59975
ROSS__OH	10557	22278	33299
SANDUSKY__OH	10596	18896	30074
SCIOTO__OH	9080	22609	32047
SENECA__OH	8266	17086	25810
SHELBY__OH	4465	20422	25258
STARK__OH	75904	111097	189879
SUMMIT__OH	151668	124833	280473
TRUMBULL__OH	44519	55194	101001
TUSCARAWAS__OH	12889	30458	44015
UNION__OH	11141	21669	33445
VAN_WERT__OH	3067	11650	14965
VINTON__OH	1331	4632	6030
WARREN__OH	46069	87988	136100
WASHINGTON__OH	9243	22307	32031
WAYNE__OH	16660	36759	54283
WILLIAMS__OH	4842	13452	18651
WOOD__OH	30617	35757	67597
WYANDOT__OH	2733	8462	11390
ADAIR__OK	1387	5585	7108
ALFALFA__OK	232	1978	2262
ATOKA__OK	765	4557	5389
BEAVER__OK	190	1968	2178
BECKHAM__OK	1048	6767	7948
BLAINE__OK	688	3136	3901
BRYAN__OK	3323	12344	15976
CADDO__OK	2670	7013	9859
CANADIAN__OK	16742	43550	61940
CARTER__OK	4470	14699	19479
CHEROKEE__OK	6027	11223	17714
CHOCTAW__OK	1082	4698	5832
CIMARRON__OK	70	970	1054
CLEVELAND__OK	49827	66677	119778
COAL__OK	374	2091	2524
COMANCHE__OK	13747	20905	35631
COTTON__OK	393	2117	2572
CRAIG__OK	1217	4686	6032
CREEK__OK	6577	23294	30505
CUSTER__OK	2369	8060	10691
DELAWARE__OK	3472	13557	17245
DEWEY__OK	214	2124	2359
ELLIS__OK	162	1688	1873
GARFIELD__OK	4919	16970	22430
GARVIN__OK	1865	8878	10922
GRADY__OK	4144	18538	23101
GRANT__OK	280	1916	2226
GREER__OK	328	1605	1973
HARMON__OK	177	747	933
HARPER__OK	136	1327	1487
HASKELL__OK	783	4165	5014
HUGHES__OK	919	3875	4857
JACKSON__OK	1646	6392	8221
JEFFERSON__OK	319	2026	2385
JOHNSTON__OK	738	3441	4251
KAY__OK	4040	12834	17249
KINGFISHER__OK	854	5521	6465
KIOWA__OK	699	2673	3427
LATIMER__OK	762	3437	4249
LE_FLORE__OK	3299	15213	18805
LINCOLN__OK	2609	12013	14888
LOGAN__OK	5455	15608	21574
LOVE__OK	711	3305	4076
MCCLAIN__OK	3582	15295	19236
MCCURTAIN__OK	1858	9485	11467
MCINTOSH__OK	2031	6172	8335
MAJOR__OK	320	3084	3467
MARSHALL__OK	1100	4891	6064
MAYES__OK	3581	12749	16626
MURRAY__OK	1156	4612	5894
MUSKOGEE__OK	8027	16526	25081
NOBLE__OK	1003	3821	4938
NOWATA__OK	712	3610	4391
OKFUSKEE__OK	896	3058	4038
OKLAHOMA__OK	141724	145050	294740
OKMULGEE__OK	4357	9668	14313
OSAGE__OK	6002	14121	20538
OTTAWA__OK	2686	8545	11438
PAWNEE__OK	1363	5267	6786
PAYNE__OK	10904	17813	29643
PITTSBURG__OK	3768	13851	17924
PONTOTOC__OK	4117	10805	15320
POTTAWATOMIE__OK	7275	20240	28185
PUSHMATAHA__OK	668	4016	4739
ROGER_MILLS__OK	168	1629	1834
ROGERS__OK	9589	34031	44553
SEMINOLE__OK	2150	6011	8337
SEQUOYAH__OK	3035	12113	15386
STEPHENS__OK	3154	15560	19057
TEXAS__OK	894	4505	5521
TILLMAN__OK	597	2076	2708
TULSA__OK	108996	150574	266678
WAGONER__OK	8464	26165	35338
WASHINGTON__OK	5790	17076	23501
WASHITA__OK	598	4086	4777
WOODS__OK	591	2993	3678
WOODWARD__OK	1005	6611	7785
AURORA__SD	317	1052	1405
BEADLE__SD	2107	4808	7081
BENNETT__SD	466	694	1183
BON_HOMME__SD	721	2235	3001
BROOKINGS__SD	6110	8000	14567
BROWN__SD	6538	10580	17547
BRULE__SD	673	1750	2490
BUFFALO__SD	352	183	549
BUTTE__SD	939	3731	4802
CAMPBELL__SD	117	747	873
CHARLES_MIX__SD	1177	2552	3783
CLARK__SD	437	1373	1850
CLAY__SD	3083	2456	5698
CODINGTON__SD	3837	8958	13161
CORSON__SD	622	647	1283
CUSTER__SD	1522	3852	5494
DAVISON__SD	2648	5613	8454
DAY__SD	1052	1869	2964
DEUEL__SD	609	1699	2350
DEWEY__SD	1131	790	1966
DOUGLAS__SD	216	1468	1707
EDMUNDS__SD	417	1538	1985
FALL_RIVER__SD	1053	2878	4042
FAULK__SD	198	964	1182
GRANT__SD	1056	2618	3745
GREGORY__SD	455	1771	2258
HAAKON__SD	105	1026	1137
HAMLIN__SD	647	2372	3083
HAND__SD	373	1433	1836
HANSON__SD	557	1793	2388
HARDING__SD	49	748	813
HUGHES__SD	2953	5522	8723
HUTCHINSON__SD	762	2944	3767
HYDE__SD	136	564	710
JACKSON__SD	359	738	1115
JERAULD__SD	270	721	1006
JONES__SD	90	498	599
KINGSBURY__SD	819	1904	2779
LAKE__SD	2068	3681	5873
LAWRENCE__SD	4537	8753	13828
LINCOLN__SD	11981	19617	32396
LYMAN__SD	525	1042	1597
MCCOOK__SD	769	2068	2900
MCPHERSON__SD	222	1075	1324
MARSHALL__SD	858	1287	2178
MEADE__SD	3285	9875	13670
MELLETTE__SD	298	449	769
MINER__SD	320	787	1138
MINNEHAHA__SD	40482	49249	92326
MOODY__SD	1179	1951	3206
PENNINGTON__SD	20606	35063	57518
PERKINS__SD	239	1401	1669
POTTER__SD	227	1139	1380
ROBERTS__SD	1828	2404	4307
SANBORN__SD	257	905	1185
OGLALA_LAKOTA__SD	2829	297	3200
SPINK__SD	998	2104	3163
STANLEY__SD	421	1203	1652
SULLY__SD	185	726	930
TODD__SD	1963	532	2539
TRIPP__SD	495	2161	2696
TURNER__SD	1139	3290	4548
UNION__SD	2725	5944	8855
WALWORTH__SD	565	1966	2580
YANKTON__SD	4016	6581	10900
ZIEBACH__SD	481	404	906
ANDERSON__TN	11741	23184	35570
BEDFORD__TN	4453	14354	19088
BENTON__TN	1529	5668	7260
BLEDSOE__TN	971	4725	5758
BLOUNT__TN	17932	47369	66609
BRADLEY__TN	9851	35204	45865
CAMPBELL__TN	2441	12331	14933
CANNON__TN	1261	5190	6557
CARROLL__TN	2559	9205	11905
CARTER__TN	4529	19584	24492
CHEATHAM__TN	5514	14438	20260
CHESTER__TN	1412	5952	7584
CLAIBORNE__TN	2202	10604	12945
CLAY__TN	735	2733	3506
COCKE__TN	2533	12162	14859
COFFEE__TN	5705	17883	24282
CROCKETT__TN	1382	4673	6114
CUMBERLAND__TN	6728	25168	32279
DAVIDSON__TN	199703	100218	309658
DECATUR__TN	904	4229	5241
DEKALB__TN	1750	6672	8513
DICKSON__TN	6106	17643	24323
DYER__TN	3158	11768	15079
FAYETTE__TN	7027	15690	22984
FENTRESS__TN	1214	7441	8729
FRANKLIN__TN	4864	13987	19132
GIBSON__TN	5771	16259	22335
GILES__TN	3298	9784	13203
GRAINGER__TN	1467	8565	10134
GREENE__TN	5199	22259	28087
GRUNDY__TN	988	4802	5855
HAMBLEN__TN	5500	18811	24631
HAMILTON__TN	75522	92108	171113
HANCOCK__TN	362	2372	2744
HARDEMAN__TN	4180	5760	10063
HARDIN__TN	1775	9559	11538
HAWKINS__TN	4083	20405	24824
HAYWOOD__TN	4012	3343	7439
HENDERSON__TN	2092	9797	12020
HENRY__TN	3548	11239	15047
HICKMAN__TN	2130	7577	9832
HOUSTON__TN	871	2718	3686
HUMPHREYS__TN	2017	6120	8236
JACKSON__TN	1135	4118	5323
JEFFERSON__TN	4654	18651	23616
JOHNSON__TN	1246	6468	7801
KNOX__TN	91422	124540	220556
LAKE__TN	526	1492	2034
LAUDERDALE__TN	3193	5674	8965
LAWRENCE__TN	3195	15334	18718
LEWIS__TN	1072	4474	5609
LINCOLN__TN	2919	12281	15608
LOUDON__TN	6948	21713	29347
MCMINN__TN	4361	18198	22844
MCNAIRY__TN	1943	9093	11275
MACON__TN	1307	8096	9487
MADISON__TN	18390	23943	42950
MARION__TN	3177	9911	13256
MARSHALL__TN	3605	11043	14878
MAURY__TN	14418	31464	46657
MEIGS__TN	1008	4467	5532
MONROE__TN	3764	16783	20797
MONTGOMERY__TN	32472	42187	76758
MOORE__TN	573	2888	3539
MORGAN__TN	1167	6930	8228
OBION__TN	2589	10790	13521
OVERTON__TN	2033	7918	10037
PERRY__TN	615	2775	3428
PICKETT__TN	525	2381	2931
POLK__TN	1492	6792	8360
PUTNAM__TN	9185	23759	33593
RHEA__TN	2369	11050	13637
ROANE__TN	6043	19230	25917
ROBERTSON__TN	8692	24536	33717
RUTHERFORD__TN	59341	81480	143878
SCOTT__TN	986	8004	9052
SEQUATCHIE__TN	1298	5855	7252
SEVIER__TN	8721	33783	43535
SHELBY__TN	246105	129815	382055
SMITH__TN	1802	7136	9051
STEWART__TN	1232	4950	6296
SULLIVAN__TN	17272	55860	74357
SUMNER__TN	27680	63454	92630
TIPTON__TN	6837	20070	27308
TROUSDALE__TN	1012	2936	3998
UNICOI__TN	1615	6599	8307
UNION__TN	1249	6803	8123
VAN_BUREN__TN	544	2342	2921
WARREN__TN	3924	11850	16009
WASHINGTON__TN	18638	40444	60203
WAYNE__TN	820	5795	6669
WEAKLEY__TN	3020	10396	13735
WHITE__TN	2143	9606	11895
WILLIAMSON__TN	50161	86469	139016
WILSON__TN	22254	50296	74330
BEAVER__UT	357	2695	3100
BOX_ELDER__UT	4473	21548	27023
CACHE__UT	16650	38032	58358
CARBON__UT	2392	6693	9369
DAGGETT__UT	111	496	619
DAVIS__UT	57411	104135	169814
DUCHESNE__UT	843	7512	8561
EMERY__UT	572	4207	4898
GARFIELD__UT	514	2158	2732
GRAND__UT	2806	2248	5185
IRON__UT	4892	18989	25104
JUAB__UT	645	5087	5865
KANE__UT	1083	2998	4180
MILLARD__UT	624	5404	6190
MORGAN__UT	1086	5181	6606
PIUTE__UT	86	773	871
RICH__UT	180	1157	1369
SALT_LAKE__UT	289906	230174	546581
SAN_JUAN__UT	3113	3535	6877
SANPETE__UT	1794	10459	12625
SEVIER__UT	1084	9052	10362
SUMMIT__UT	15244	10252	26086
TOOELE__UT	8943	21014	31506
UINTAH__UT	1663	13261	15303
UTAH__UT	76033	192812	284286
WASATCH__UT	6187	10795	17790
WASHINGTON__UT	20530	67294	91070
WAYNE__UT	365	1229	1621
WEBER__UT	40695	65949	111403
ACCOMACK__VA	7578	9172	16962
ALBEMARLE__VA	42466	20804	64657
ALLEGHANY__VA	2243	5859	8203
AMELIA__VA	2411	5390	7894
AMHERST__VA	5672	11041	17005
APPOMATTOX__VA	2418	6702	9268
ARLINGTON__VA	105344	22318	130739
AUGUSTA__VA	10840	30714	42278
BATH__VA	646	1834	2501
BEDFORD_CO___VA	12176	35600	48669
BLAND__VA	532	2903	3479
BOTETOURT__VA	5700	15099	21123
BRUNSWICK__VA	4552	3357	7948
BUCHANAN__VA	1587	8311	9957
BUCKINGHAM__VA	3471	4544	8129
CAMPBELL__VA	8070	21245	29901
CAROLINE__VA	7657	8336	16288
CARROLL__VA	2842	12659	15657
CHARLES_CITY__VA	2624	1761	4441
CHARLOTTE__VA	2317	3815	6191
CHESTERFIELD__VA	106935	93326	203955
CLARKE__VA	3920	5192	9337
CRAIG__VA	587	2536	3170
CULPEPER__VA	10617	16012	27116
CUMBERLAND__VA	2227	3019	5313
DICKENSON__VA	1503	5748	7307
DINWIDDIE__VA	6224	8695	15092
ESSEX__VA	3038	3075	6178
FAIRFAX_CO___VA	419943	168401	601243
FAUQUIER__VA	17565	25106	43671
FLOYD__VA	3004	6225	9412
FLUVANNA__VA	7414	8155	15846
FRANKLIN_CO___VA	8381	20895	29704
FREDERICK__VA	17207	30558	48718
GILES__VA	2156	6876	9178
GLOUCESTER__VA	6964	14875	22284
GOOCHLAND__VA	6685	9966	16952
GRAYSON__VA	1535	6529	8131
GREENE__VA	4163	6866	11313
GREENSVILLE__VA	2627	1914	4574
HALIFAX__VA	7666	10418	18248
HANOVER__VA	25307	44318	70988
HENRICO__VA	116572	63440	183299
HENRY__VA	9127	16725	26105
HIGHLAND__VA	417	1092	1533
ISLE_OF_WIGHT__VA	9399	13707	23456
JAMES_CITY__VA	25553	23153	49639
KING_AND_QUEEN__VA	1590	2450	4115
KING_GEORGE__VA	5404	8446	14227
KING_WILLIAM__VA	3260	7320	10737
LANCASTER__VA	3368	3697	7152
LEE__VA	1489	8365	9947
LOUDOUN__VA	138372	82088	224976
LOUISA__VA	8269	13294	21916
LUNENBURG__VA	2418	3537	6002
MADISON__VA	2698	5300	8133
MATHEWS__VA	1825	3901	5829
MECKLENBURG__VA	6803	9266	16207
MIDDLESEX__VA	2491	4196	6785
MONTGOMERY__VA	23218	20629	45037
NELSON__VA	4327	4812	9318
NEW_KENT__VA	4621	9631	14471
NORTHAMPTON__VA	3667	2955	6732
NORTHUMBERLAND__VA	3252	4485	7815
NOTTOWAY__VA	2971	4027	7078
ORANGE__VA	7995	12426	20754
PAGE__VA	3007	9345	12514
PATRICK__VA	1954	7485	9535
PITTSYLVANIA__VA	10115	23751	34227
POWHATAN__VA	5320	14055	19733
PRINCE_EDWARD__VA	4973	4434	9575
PRINCE_GEORGE__VA	7103	10103	17439
PRINCE_WILLIAM__VA	142863	81222	228267
PULASKI__VA	4925	12127	17386
RAPPAHANNOCK__VA	2096	2812	4979
RICHMOND_CO___VA	1513	2547	4102
ROANOKE_CO___VA	21801	34268	57226
ROCKBRIDGE__VA	4086	8088	12377
ROCKINGHAM__VA	12644	30349	43821
RUSSELL__VA	2373	10879	13386
SCOTT__VA	1692	9063	10869
SHENANDOAH__VA	6836	16463	23684
SMYTH__VA	3008	10963	14136
SOUTHAMPTON__VA	3969	5730	9786
SPOTSYLVANIA__VA	34307	39411	75317
STAFFORD__VA	40245	37636	79629
SURRY__VA	2397	2025	4471
SUSSEX__VA	2827	2219	5088
TAZEWELL__VA	3205	16731	20152
WARREN__VA	6603	14069	21147
WASHINGTON__VA	6617	21679	28693
WESTMORELAND__VA	4501	5318	9948
WISE__VA	3110	13366	16615
WYTHE__VA	3143	11733	15073
YORK__VA	17683	20241	38791
ALEXANDRIA__VA	66240	14544	82521
BRISTOL__VA	2313	5347	7814
BUENA_VISTA__VA	825	1863	2776
CHARLOTTESVILLE__VA	20696	3094	24213
CHESAPEAKE__VA	66377	58180	127246
COLONIAL_HEIGHTS__VA	2972	6007	9160
COVINGTON__VA	964	1580	2603
DANVILLE__VA	11710	7428	19456
EMPORIA__VA	1612	754	2384
FAIRFAX__VA	9174	4007	13487
FALLS_CHURCH__VA	7146	1490	8819
FRANKLIN__VA	2525	1487	4064
FREDERICKSBURG__VA	8517	4037	12877
GALAX__VA	777	1838	2639
HAMPTON__VA	46220	18430	65957
HARRISONBURG__VA	11022	5591	17093
HOPEWELL__VA	5430	4020	9628
LEXINGTON__VA	1791	906	2764
LYNCHBURG__VA	18048	17097	36364
MANASSAS__VA	10356	6256	16978
MANASSAS_PARK__VA	3992	1979	6088
MARTINSVILLE__VA	3766	2165	6024
NEWPORT_NEWS__VA	53099	26377	81270
NORFOLK__VA	64440	23443	89988
NORTON__VA	464	1109	1601
PETERSBURG__VA	12389	1584	14133
POQUOSON__VA	2054	5605	7857
PORTSMOUTH__VA	30948	12755	44601
RADFORD__VA	3358	2786	6320
RICHMOND__VA	92175	16603	111181
ROANOKE__VA	26773	15607	43323
SALEM__VA	5148	7683	13051
STAUNTON__VA	6981	5695	12992
SUFFOLK__VA	28676	20082	49642
VIRGINIA_BEACH__VA	117393	105087	227717
WAYNESBORO__VA	4961	5507	10717
WILLIAMSBURG__VA	4790	1963	6890
WINCHESTER__VA	6610	5221	12113
ADAMS__WA	1814	3907	5862
ASOTIN__WA	4250	7319	11951
BENTON__WA	38706	60365	103033
CHELAN__WA	19349	22746	43306
CLALLAM__WA	24721	23062	49264
CLARK__WA	140324	126303	275403
COLUMBIA__WA	668	1754	2495
COWLITZ__WA	23938	34424	60280
DOUGLAS__WA	7811	12955	21308
FERRY__WA	1486	2771	4367
FRANKLIN__WA	13340	18039	32404
GARFIELD__WA	366	1069	1489
GRANT__WA	11819	24764	37680
GRAYS_HARBOR__WA	17354	19877	38441
ISLAND__WA	29213	22746	53925
JEFFERSON__WA	17204	6931	24792
KING__WA	907310	269167	1210507
KITSAP__WA	90277	61563	158672
KITTITAS__WA	11421	14105	26364
KLICKITAT__WA	5959	7237	13560
LEWIS__WA	14520	29391	45309
LINCOLN__WA	1713	5150	7033
MASON__WA	17269	18710	37303
OKANOGAN__WA	8900	11840	21282
PACIFIC__WA	6794	6953	14064
PEND_OREILLE__WA	2593	5728	8553
PIERCE__WA	249506	197730	464081
SAN_JUAN__WA	9725	3057	13197
SKAGIT__WA	38252	32762	73423
SKAMANIA__WA	3192	3885	7312
SNOHOMISH__WA	256728	166428	438796
SPOKANE__WA	135765	148576	295430
STEVENS__WA	7839	19808	28430
THURSTON__WA	96608	65277	168134
WAHKIAKUM__WA	1165	1741	2981
WALLA_WALLA__WA	13690	16400	31261
WHATCOM__WA	83660	50489	138620
WHITMAN__WA	11184	9067	21126
YAKIMA__WA	43179	50555	96193
ADAMS__WI	4329	7362	11818
ASHLAND__WI	4801	3841	8757
BARRON__WI	9194	15803	25346
BAYFIELD__WI	6147	4617	10880
BROWN__WI	65511	75871	144017
BUFFALO__WI	2860	4834	7816
BURNETT__WI	3569	6462	10141
CALUMET__WI	12116	18156	30774
CHIPPEWA__WI	13983	21317	35938
CLARK__WI	4524	10002	14898
COLUMBIA__WI	16410	16927	33869
CRAWFORD__WI	3953	4620	8695
DANE__WI	260185	78800	344791
DODGE__WI	16356	31355	48436
DOOR__WI	10044	9752	20117
DOUGLAS__WI	13218	10923	24677
DUNN__WI	9897	13173	23524
EAU_CLAIRE__WI	31620	25341	58275
FLORENCE__WI	781	2133	2940
FOND_DU_LAC__WI	20588	35754	57251
FOREST__WI	1721	3285	5053
GRANT__WI	10998	14142	25608
GREEN__WI	10851	10169	21406
GREEN_LAKE__WI	3344	7168	10671
IOWA__WI	7828	5909	13992
IRON__WI	1533	2438	4010
JACKSON__WI	4256	5791	10184
JEFFERSON__WI	19904	27208	47979
JUNEAU__WI	4746	8749	13709
KENOSHA__WI	42193	44972	88738
KEWAUNEE__WI	3976	7927	12095
LA_CROSSE__WI	37846	28684	67884
LAFAYETTE__WI	3647	4821	8555
LANGLADE__WI	3704	7330	11165
LINCOLN__WI	6261	10017	16497
MANITOWOC__WI	16818	27218	44829
MARATHON__WI	30808	44624	76751
MARINETTE__WI	7366	15304	22979
MARQUETTE__WI	3239	5719	9065
MENOMINEE__WI	1303	278	1590
MILWAUKEE__WI	317270	134357	458971
MONROE__WI	8433	13775	22611
OCONTO__WI	6715	16226	23215
ONEIDA__WI	10105	13671	24159
OUTAGAMIE__WI	47667	58385	108022
OZAUKEE__WI	26517	33912	61486
PEPIN__WI	1489	2584	4144
PIERCE__WI	9796	12815	23317
POLK__WI	9370	16611	26371
PORTAGE__WI	20428	19299	40603
PRICE__WI	3032	5394	8546
RACINE__WI	50159	54479	106451
RICHLAND__WI	3995	4871	9014
ROCK__WI	46658	37138	85360
RUSK__WI	2517	5257	7886
ST__CROIX__WI	23190	32199	56707
SAUK__WI	18108	17493	36203
SAWYER__WI	4498	5909	10510
SHAWANO__WI	7131	15173	22615
SHEBOYGAN__WI	27101	37609	66011
TAYLOR__WI	2693	7657	10686
TREMPEALEAU__WI	6285	8833	15380
VERNON__WI	7457	8218	15923
VILAS__WI	5903	9261	15369
WALWORTH__WI	22789	33851	57600
WASHBURN__WI	3867	6334	10378
WASHINGTON__WI	26650	60237	88070
WAUKESHA__WI	103906	159649	267996
WAUPACA__WI	9703	18952	29130
WAUSHARA__WI	4388	9016	13568
WINNEBAGO__WI	44060	47796	94032
WOOD__WI	16365	24308	41298
ALBANY__WY	9092	8579	18744
BIG_HORN__WY	788	4806	5784
CAMPBELL__WY	1935	16975	19735
CARBON__WY	1427	5014	6706
CONVERSE__WY	861	5917	7010
CROOK__WY	378	3651	4143
FREMONT__WY	5519	12007	18234
GOSHEN__WY	1203	4878	6272
HOT_SPRINGS__WY	482	1999	2588
JOHNSON__WY	897	3881	4952
LARAMIE__WY	15217	27891	45237
LINCOLN__WY	1509	8643	10525
NATRONA__WY	8530	25271	35391
NIOBRARA__WY	155	1118	1322
PARK__WY	3410	12813	16815
PLATTE__WY	890	3898	4963
SHERIDAN__WY	4043	11843	16546
SUBLETTE__WY	882	3957	5000
SWEETWATER__WY	3823	12229	16698
TETON__WY	9848	4341	14787
UINTA__WY	1591	7496	9459
WASHAKIE__WY	651	3245	4032
WESTON__WY	360	3107	3560
