_PARTIES	Democratic	Republican	Independent	Total
_COLORS	Blue	Red	Yellow
Alabama	582106	633519
Alaska	60201	50991	75721	194750
Arizona	448168	492569	0
Arkansas	400386	295925	0	696414
California	3525197	3791904	0	7699467
Colorado	626032	358403	0	1011272
Connecticut	236641	427840	460576	1114122
Florida	1995206	1535068	0	3530871
Georgia	766662	645625	0	1449654
Hawaii	203491	131310	0	340132
Idaho	218673	101937	0
Illinois	1569217	1653126	0	3257410
Iowa	379372	591852	0	976483
Kansas	380609	333589	0	783325
Maine	230038	243766	0	522181
Maryland	664015	446980	0
Massachusetts	1099878	1175817	0	2339270
Michigan	1258539	1276134	0	2564563
Minnesota	836218	895988	0	1788163
Nebraska	292771	288741	0	586542
Nevada	207878	95789	0	320743
New Hampshire	101923	177773	0	295018
New Mexico	224564	185692	0	411236
New York	2157087	865948	0	4056896
Ohio	1539416	1938103	0	3477650
Oklahoma	523196	297584	0	911314
Oregon	508749	444646	0	1112040
Pennsylvania	2065244	987463	0	3053666
Rhode Island	264411	92177	0
South Carolina	212048	528831	0	761019
South Dakota	105525	151198	0
Tennessee	479990	288904	0	789068
Texas	1925670	1826431	0	3881229
Vermont	97321	109540	0	211422
Wisconsin	576280	802321	0	1379727
Wyoming	104638	55471	0	160109